1.339186081187e-02 3.710548033279e-03 -2.220195999501e-02 -1.888116151221e-03 -1.671386358538e-04
-8.810099183144e-03 1.741131774095e-03 7.702448990675e-02 -2.038031902131e-03 -1.373059337464e-04
1.674408406254e-01 -4.045816893093e-04 4.108710495620e-02 -2.169852286438e-03 -1.054751664729e-04
7.336411072926e-02 -2.633152551970e-03 -3.384418873259e-02 -2.256125646843e-03 -6.611447379300e-05
9.975246316020e-02 -4.841449855236e-03 -1.005571594148e-01 -2.270450703105e-03 -1.415677638938e-05
-1.277502081003e-01 -7.127110298189e-03 -1.697119957168e-01 -2.263258811227e-03 3.085954378548e-05
-2.396715282733e-01 -9.386090391486e-03 2.991109581368e-02 -2.212569281973e-03 7.423506951302e-05
-6.792801647292e-02 -1.156665142085e-02 1.178811982150e-01 -2.117691082039e-03 1.149825575823e-04
-3.909131843359e-03 -1.376089564618e-02 7.864178551250e-02 -2.030496135091e-03 1.361713562913e-04
8.935555455208e-02 -1.569266067817e-02 1.072176192190e-03 -1.867247315047e-03 1.662053988654e-04
-1.764779458978e-03 -1.747986624277e-02 -1.095056227149e-01 -1.688762207979e-03 1.863963896021e-04
-1.296556908777e-01 -1.908980794711e-02 -3.251663557094e-02 -1.497287957300e-03 1.983364094182e-04
-6.679805060086e-02 -2.045333885295e-02 7.391328435427e-02 -1.279387791405e-03 2.089926692956e-04
1.817087783080e-02 -2.154851056079e-02 7.495156481747e-02 -1.036722950186e-03 2.202558739731e-04
8.310507903407e-02 -2.250074408527e-02 -3.649786248524e-02 -8.216693315466e-04 2.175223852112e-04
-5.482484713968e-02 -2.315603039099e-02 -7.345411465170e-02 -5.811539785240e-04 2.205638837774e-04
-6.380315026934e-02 -2.353682825189e-02 2.776685015461e-02 -3.260645096160e-04 2.272225671626e-04
7.088531695428e-04 -2.379344107285e-02 -1.591109584209e-03 -1.117410714835e-04 2.206399413328e-04
-6.698536943776e-02 -2.383380365395e-02 -4.174254315412e-02 9.738064348282e-05 2.135914570104e-04
-8.277623313869e-02 -2.352476542759e-02 6.411768623691e-02 3.508737779261e-04 2.223262913238e-04
6.125000303605e-02 -2.311572915738e-02 2.300869606146e-02 5.579704597995e-04 2.167543987802e-04
-3.675884101578e-02 -2.236189166550e-02 -4.509967197398e-02 8.096673135704e-04 2.263564972539e-04
-2.894934091191e-02 -2.136984629330e-02 -2.746431303284e-02 1.065688380803e-03 2.367522111648e-04
-9.168746708146e-02 -2.020993420167e-02 -1.471560248396e-02 1.299465918435e-03 2.384876052382e-04
-5.838054587982e-02 -1.881180242728e-02 4.907449804867e-02 1.535654961688e-03 2.390857708843e-04
6.461529015869e-03 -1.709454762047e-02 3.152746592858e-02 1.801080940671e-03 2.465172382002e-04
4.674385977342e-03 -1.518973901880e-02 -4.076711344134e-02 2.044059692325e-03 2.432738029152e-04
-7.507269786680e-02 -1.302402652739e-02 -9.548827356906e-03 2.282702069455e-03 2.374369018255e-04
-1.442326873647e-02 -1.064360323472e-02 1.113143887795e-01 2.553043828696e-03 2.223071554268e-04
1.475560796922e-01 -7.980058253020e-03 -3.112314377764e-03 2.788483486858e-03 2.061467651718e-04
-2.064789749200e-02 -5.124151357955e-03 -8.681290378986e-02 2.999511140868e-03 1.794846221408e-04
-2.606972788753e-02 -1.920121641993e-03 3.413050151456e-03 3.173088755460e-03 1.637051793125e-04
-1.382179718908e-02 1.418025284508e-03 -1.141349969088e-01 3.285545109296e-03 1.368159576189e-04
-2.543397217052e-01 4.829284420553e-03 3.578182543003e-02 3.403657395462e-03 9.604732407298e-05
5.774185367097e-02 8.189697741359e-03 1.253643676972e-01 3.442435881489e-03 3.275781144176e-05
-3.610986310676e-03 1.159292362094e-02 -4.017955524345e-02 3.452994796974e-03 -3.341691569459e-05
-2.261725681593e-02 1.503747526229e-02 3.755560401180e-02 3.394747142425e-03 -9.363890642393e-05
7.150022171291e-02 1.841861472870e-02 9.017197273503e-02 3.250442633462e-03 -1.504083174857e-04
1.577266886541e-01 2.157921044406e-02 -5.536380393083e-02 3.049135090711e-03 -2.126069629681e-04
-3.922738614874e-02 2.443167671857e-02 -1.972480153745e-02 2.782546052574e-03 -2.809630404388e-04
1.182770855792e-01 2.712516908828e-02 1.092693774449e-01 2.518157802168e-03 -3.287661301874e-04
1.793113687411e-01 2.951404461915e-02 -9.570584115491e-02 2.167937605709e-03 -3.659202823476e-04
-7.313459673059e-02 3.159801930844e-02 -1.211465684341e-01 1.805384362143e-03 -3.859752573295e-04
-6.298176812702e-02 3.324301098144e-02 1.401020269054e-01 1.421976966205e-03 -4.012143125913e-04
2.070694570803e-01 3.445620070996e-02 -1.365941630819e-02 9.960972143131e-04 -4.079123203600e-04
-9.030060074339e-02 3.534924947567e-02 -1.675745165959e-02 6.029981258053e-04 -3.920464784533e-04
1.735545537611e-01 3.569151152837e-02 1.143047433780e-01 2.108126949460e-04 -3.833275335042e-04
1.383088860127e-01 3.576954018740e-02 -1.055456088744e-01 -1.501597265002e-04 -3.500644468502e-04
-3.753666398769e-02 3.541798387824e-02 -8.436995298190e-02 -5.019533466972e-04 -3.168386471666e-04
-3.043101995114e-02 3.479375120003e-02 8.144689443517e-02 -8.122902553054e-04 -2.703704975505e-04
1.253571248826e-01 3.395522590834e-02 1.523251013207e-03 -1.038858580808e-03 -2.113317614740e-04
-2.738451792472e-02 3.283820469972e-02 -6.499503151252e-02 -1.215449002977e-03 -1.561868451634e-04
-4.632938142394e-03 3.173016856105e-02 5.364138246776e-02 -1.278981951107e-03 -7.978673976740e-05
7.989824701079e-02 3.054539497583e-02 2.931426353365e-02 -1.303384121442e-03 -2.809858628007e-06
5.399558892491e-02 2.935022741927e-02 -3.565660655810e-02 -1.242470905866e-03 7.245548606193e-05
8.585033894587e-03 2.813593055471e-02 4.076676657457e-02 -1.104389839232e-03 1.340388871153e-04
1.355291220741e-01 2.706095615341e-02 -3.599973905726e-03 -9.613393173326e-04 1.916519366341e-04
1.385086083134e-03 2.623199699273e-02 -3.019637628587e-02 -7.391770409267e-04 2.491205061877e-04
7.513636950232e-02 2.565471079938e-02 -7.943800195185e-02 -4.597290050150e-04 2.978929584542e-04
-1.574909178206e-01 2.531905139315e-02 -4.943709740400e-02 -2.235555460633e-04 3.302739108799e-04
-2.373782530568e-02 2.520966572960e-02 9.556998854168e-02 1.115814483871e-04 3.389114836226e-04
3.364905926279e-02 2.537753648128e-02 7.888929013239e-03 4.100604464421e-04 3.263919044218e-04
-7.959967279201e-03 2.590331763944e-02 -4.386814174634e-02 7.060652541927e-04 3.024545528901e-04
-5.408722422989e-02 2.670402734444e-02 -6.504171349934e-02 9.921903225929e-04 2.588096915952e-04
-1.380433942779e-01 2.771550552315e-02 1.128712051287e-01 1.231492403415e-03 1.924762952177e-04
1.716551860274e-01 2.905664342628e-02 8.992728733895e-02 1.388716007290e-03 1.260888163886e-04
4.181118040001e-02 3.043024832399e-02 -9.579763641416e-03 1.482705278037e-03 3.427659684046e-05
1.524956587446e-01 3.175958124087e-02 1.341822636362e-02 1.463327862833e-03 -7.876909128397e-05
6.864763312725e-02 3.314323191144e-02 -1.056756279152e-01 1.305263599141e-03 -1.843934641039e-04
-5.885559708574e-02 3.436148833461e-02 3.151357890540e-02 1.057383342529e-03 -2.914181366768e-04
1.316747909381e-01 3.523989360355e-02 -1.222140869860e-02 7.616545113982e-04 -4.034343023306e-04
-8.329841448294e-02 3.591656078035e-02 -2.713938060011e-02 3.321413707595e-04 -4.852417042848e-04
7.739602973783e-02 3.593364468074e-02 1.473436918277e-03 -1.692818696940e-04 -5.743455661669e-04
-8.035154064639e-02 3.542500999069e-02 -4.296952862004e-02 -7.524290159161e-04 -6.386230476129e-04
-8.543027502252e-03 3.442887747861e-02 1.149856650852e-01 -1.389725449291e-03 -6.604352054293e-04
1.496197895241e-01 3.274931025289e-02 2.415985342709e-02 -2.045974073960e-03 -6.553005244028e-04
3.977667935192e-02 3.030855754645e-02 9.211159858135e-02 -2.678803235491e-03 -6.299359733033e-04
3.338429866868e-01 2.735970227154e-02 7.015841164175e-02 -3.271903200232e-03 -5.567700008437e-04
1.800935026354e-01 2.393433498882e-02 -7.910756281289e-02 -3.742227885698e-03 -4.422251783724e-04
1.756278610610e-01 2.007733864889e-02 -5.667306833665e-02 -4.067229021831e-03 -2.984113440746e-04
6.674736596213e-02 1.584742520801e-02 -1.403223357728e-01 -4.285726118014e-03 -1.407205881636e-04
-1.050168104847e-01 1.147771315848e-02 -1.690515616878e-02 -4.351412632980e-03 3.235044893544e-05
3.293705362457e-02 7.054557485730e-03 7.526245716532e-02 -4.233713501457e-03 2.005981260984e-04
4.550810384591e-02 2.876489070302e-03 -1.338188928364e-01 -3.970383247569e-03 3.684766953011e-04
-2.347007320482e-01 -9.306504825770e-04 -5.344901379397e-02 -3.518354419531e-03 5.199417435684e-04
-6.138992374203e-02 -4.028863814552e-03 9.260336589885e-03 -2.923829017315e-03 6.669180339762e-04
-2.161800588684e-01 -6.663888977487e-03 -1.937219414059e-02 -2.234625463967e-03 7.557554883894e-04
-1.001343120232e-01 -8.578356114780e-03 8.497664802117e-02 -1.464381183901e-03 8.004977877777e-04
-4.622676282608e-02 -9.644134322070e-03 9.189102942768e-03 -6.603885814153e-04 8.071636074906e-04
-8.175610613768e-02 -9.875816259901e-03 3.233298332326e-02 1.274797211380e-04 7.728956261858e-04
1.843920382043e-02 -9.198179342452e-03 2.113220426750e-02 8.893187667962e-04 7.135280412265e-04
-3.949169760269e-02 -8.014337724551e-03 -9.269746735876e-02 1.579146196671e-03 5.941531362624e-04
-1.669557308971e-01 -6.155760367154e-03 -2.751154337991e-02 2.119202396631e-03 4.566999358031e-04
-9.451478436250e-02 -3.928118162568e-03 8.365636512283e-02 2.507054984920e-03 2.909413741371e-04
3.569993485712e-04 -1.235584518339e-03 1.050443655017e-01 2.760423726567e-03 1.375833471801e-04
1.155739466408e-01 1.570013380755e-03 9.369306802902e-02 2.805283993228e-03 -1.571057689265e-05
1.877431354066e-01 4.395849355480e-03 -5.217702680601e-02 2.771897215317e-03 -1.518803512318e-04
1.121989302880e-02 7.124102269868e-03 -8.481090581584e-02 2.556836228721e-03 -2.601535800463e-04
1.812132377494e-02 9.453252166579e-03 5.830527600021e-02 2.242491869221e-03 -3.559563190435e-04
1.278304450292e-01 1.155231158312e-02 1.949222689298e-02 1.851233852103e-03 -4.041978143686e-04
5.710577756089e-02 1.318190255683e-02 -8.746060896531e-02 1.426463477924e-03 -4.260799516333e-04
-4.709077290139e-02 1.438912275899e-02 -5.384970040374e-03 1.041821293388e-03 -4.155640184182e-04
4.633583748014e-02 1.528486555732e-02 1.244116413153e-01 6.768943795497e-04 -3.652148277516e-04
2.017325097293e-01 1.570902661387e-02 8.431732455616e-02 4.062805533775e-04 -3.061553148816e-04
2.149704865925e-01 1.588930941300e-02 -1.194204208023e-01 1.618912622845e-04 -2.261939617154e-04
-3.710833187533e-02 1.592019520902e-02 -1.446997940231e-01 2.029886579694e-05 -1.318164332280e-04
-7.442910145369e-02 1.583307866787e-02 -4.548202703200e-02 -6.383779712499e-05 -3.858267995574e-05
-1.280723859393e-01 1.577576406820e-02 -3.221867459784e-02 -8.100310454887e-05 5.316983106962e-05
-1.388664506494e-01 1.576262381653e-02 4.491276361623e-02 2.874166336350e-05 1.279060507054e-04
-3.824685870686e-02 1.585848664195e-02 1.434992647736e-01 1.947608030364e-04 1.794789553151e-04
1.481320788979e-01 1.621138519195e-02 -4.746000928867e-02 3.500815159576e-04 2.175895599444e-04
-1.331668772842e-01 1.672034363846e-02 -1.264801431343e-01 5.716465747095e-04 2.257195938661e-04
-1.048282073707e-01 1.745730372998e-02 5.939482018676e-02 7.503081466848e-04 2.130061367817e-04
-1.437723691069e-02 1.834690361869e-02 6.145699464946e-02 9.304527556119e-04 1.755046593537e-04
1.808578192825e-02 1.939991190793e-02 1.239345945525e-01 1.081231999347e-03 1.227337054481e-04
2.334919521944e-01 2.071245550308e-02 8.542052619537e-03 1.213961600591e-03 7.694967738461e-05
3.516988716732e-02 2.191173806456e-02 -9.817540673567e-02 1.247506700653e-03 5.524082948434e-06
3.714113872303e-02 2.313119298755e-02 -5.364025222138e-02 1.202322798839e-03 -6.157623679967e-05
-7.211061727544e-02 2.444814096146e-02 6.776851888394e-02 1.120888595264e-03 -1.028671673640e-04
1.726781764909e-01 2.562456541749e-02 1.788498587988e-02 1.008712481221e-03 -1.376446359276e-04
-3.634064551569e-02 2.657638864610e-02 8.769559371904e-03 8.598319032052e-04 -1.687089317820e-04
1.902172952347e-01 2.730155132143e-02 3.854931981830e-02 6.958171492248e-04 -1.914719358885e-04
4.075799412091e-02 2.782229772984e-02 -1.451807727500e-01 5.256417249969e-04 -2.013520446736e-04
-1.001442502652e-01 2.811648067188e-02 -6.079719953604e-03 2.863651163269e-04 -2.008774129454e-04
2.859855421370e-02 2.824789920343e-02 3.327253427390e-02 8.017740546600e-05 -1.848617482761e-04
-3.359918171739e-02 2.819198637824e-02 3.106467067680e-02 -7.350125088147e-05 -1.622542049537e-04
9.072789556730e-02 2.801963041591e-02 8.258527535324e-02 -2.118732404859e-04 -1.313333915230e-04
1.315713689891e-01 2.775812129806e-02 -5.649239243746e-03 -3.349971877472e-04 -9.574006137738e-05
7.942941707981e-02 2.736954487975e-02 -8.556998604908e-02 -4.067984585514e-04 -6.745246648860e-05
-3.956860310906e-02 2.689588183342e-02 -1.107819786190e-02 -4.203911864477e-04 -4.856377808205e-05
5.727302135601e-02 2.633949500964e-02 -1.193795669092e-02 -4.418970111966e-04 -4.379991915304e-05
-6.344451649090e-02 2.588843605517e-02 -5.540756616063e-02 -4.860585391838e-04 -3.259933480506e-05
-5.354211096524e-02 2.540523666336e-02 6.993002597026e-02 -5.321189223171e-04 -3.223360234172e-05
7.641553544962e-02 2.490308176522e-02 3.642280421815e-02 -5.878693853665e-04 -3.990392663791e-05
1.930349747106e-02 2.441554856931e-02 -6.096347811159e-02 -6.320166743462e-04 -4.861542575380e-05
-4.551142077357e-02 2.369630168423e-02 1.480172770990e-02 -7.257465463043e-04 -8.309932213070e-05
4.890695289085e-02 2.292064664814e-02 -6.169654981857e-04 -7.857360239276e-04 -1.158729486267e-04
-4.674535176994e-02 2.206488631536e-02 -2.240449560054e-02 -9.537909483974e-04 -1.422426111174e-04
4.097961689768e-03 2.110694814896e-02 4.861319243066e-02 -1.111302821452e-03 -1.573484231525e-04
5.048103309137e-02 1.993649720447e-02 1.392691930104e-01 -1.272775774190e-03 -1.694903618913e-04
2.826363477106e-01 1.858647203024e-02 -5.832444044916e-02 -1.436593450439e-03 -1.709442809884e-04
-6.616784780695e-02 1.701768300052e-02 -1.735679685433e-01 -1.556755604432e-03 -1.654805488485e-04
-6.449958937596e-02 1.535756749718e-02 1.213677796306e-01 -1.707917496844e-03 -1.387441859907e-04
1.765677114543e-01 1.358301422042e-02 1.079337835445e-01 -1.817882256982e-03 -9.731400538082e-05
1.513679777130e-01 1.180439146738e-02 -7.118799994705e-02 -1.880507760236e-03 -3.524297418935e-05
3.419171156019e-02 9.828822236590e-03 -7.959091370786e-02 -1.870704457766e-03 1.417227420715e-05
-7.813849702685e-03 7.952327083134e-03 -2.590456780356e-02 -1.842640917083e-03 7.615127666535e-05
-1.761742404694e-02 6.017462952227e-03 -1.168795172901e-01 -1.734657535302e-03 1.203191588608e-04
-2.415728842828e-01 4.387982387056e-03 -3.925089711962e-02 -1.562295693748e-03 1.791756010091e-04
-9.611921828617e-02 2.942333787057e-03 1.198375106059e-01 -1.379275108343e-03 2.281603438926e-04
-1.897863070918e-03 1.621374978499e-03 4.598288591432e-02 -1.148701965638e-03 2.522260733049e-04
-4.153446457531e-03 6.814834885089e-04 -5.751355901644e-03 -8.681661298027e-04 2.764354421807e-04
-1.340057487421e-02 -1.703755300540e-04 7.924170023270e-03 -6.096049622968e-04 2.627699545098e-04
1.169489358901e-02 -6.371924168369e-04 4.142580316102e-02 -3.130928842952e-04 2.477421630721e-04
6.945103144784e-02 -8.569399205276e-04 -3.953361239770e-02 -6.556544498747e-05 2.178956086278e-04
-6.737233120639e-02 -7.834318352163e-04 -3.761561869230e-02 1.368962068942e-04 1.852632853915e-04
-5.780205936755e-03 -4.637612150824e-04 2.577985818788e-02 3.507391391447e-04 1.511804408646e-04
-1.581261483063e-02 5.477053570165e-05 3.531734114753e-03 4.983164561000e-04 1.180542667785e-04
1.283262292751e-03 6.127928441771e-04 7.606669657136e-02 5.829366237991e-04 7.599260870621e-05
1.363207783121e-01 1.170926953629e-03 -6.866412811447e-02 6.389337107710e-04 2.898506041269e-05
-1.360449939362e-01 1.735802069316e-03 -1.970658074797e-02 6.260670133927e-04 -1.396192111296e-05
9.690761681616e-02 2.325037047620e-03 1.478294064879e-02 5.765356415415e-04 -4.363188099739e-05
-1.064791126386e-01 2.853767377702e-03 -1.793023194208e-02 5.275834724597e-04 -6.585514944171e-05
6.104715293200e-02 3.318869579337e-03 6.931464952454e-02 4.336661116106e-04 -7.818801940073e-05
3.215018641048e-02 3.777590774138e-03 -1.635108738045e-02 3.780260811278e-04 -7.321444697136e-05
2.834497817111e-02 4.089997978062e-03 1.963962279546e-02 3.107680249067e-04 -6.962555679781e-05
7.142943200140e-02 4.236389462146e-03 -2.547844854603e-02 2.766483695788e-04 -7.267313844840e-05
-2.261191892094e-02 4.462804448325e-03 -2.641403369137e-02 1.892252146669e-04 -5.563032928535e-05
1.860136461866e-02 4.678509650936e-03 6.090666922823e-02 1.428394687300e-04 -3.339371774231e-05
9.920141953552e-02 4.851199898993e-03 -3.133537646025e-02 1.801506557019e-04 -1.577689402694e-05
-4.406938830183e-02 5.017157431103e-03 -8.433878266717e-02 2.098250435348e-04 -3.053146040057e-06
-6.947614579882e-02 5.198073380729e-03 -4.402519579645e-02 2.118280073136e-04 5.212608285423e-06
-1.321197798947e-01 5.434430921612e-03 8.214939194939e-02 2.254827409892e-04 1.264253783041e-05
9.482263809997e-02 5.662830770541e-03 4.903240640553e-02 2.320893588940e-04 1.130710636564e-05
-3.405496708369e-02 5.969236116260e-03 -9.526237551516e-02 1.999178284250e-04 1.343752647358e-05
-9.570211293036e-02 6.212643536468e-03 8.001686162523e-02 1.945359611730e-04 4.379924418722e-06
1.259787561668e-01 6.436505274550e-03 -3.582197078666e-02 2.011728531885e-04 -7.998892236398e-06
-1.673460545037e-01 6.636913733654e-03 -4.805528100591e-03 1.871901728427e-04 -2.058712373994e-05
1.163676999656e-01 6.809683922648e-03 8.617454965467e-02 1.570282899022e-04 -3.021201107525e-05
5.003044805673e-03 6.922211687941e-03 -3.825653675848e-02 1.170077603662e-04 -3.807850015338e-05
3.985462644862e-02 6.916022036834e-03 1.086905996284e-01 6.019774293248e-05 -4.956196986218e-05
2.223842440624e-01 7.011709237042e-03 5.152089576082e-02 1.578475772404e-05 -3.778939583058e-05
1.428964179703e-01 7.048695537607e-03 -1.222614099360e-01 -5.395263707489e-06 -2.421712712166e-05
-2.213857580950e-02 6.948835223337e-03 -9.738115224897e-02 -5.792927446275e-05 -2.079805994347e-05
-5.186588652768e-02 6.844286997405e-03 -5.979876392803e-02 -8.664868809849e-05 -1.446756918070e-05
-1.417361036656e-01 6.662275013026e-03 -1.326502004684e-02 -9.235523370319e-05 -1.781868006995e-05
-7.839592662136e-02 6.652164411269e-03 6.684660950803e-02 -1.123323558328e-04 -3.457403907393e-06
-8.042884649495e-03 6.571336256368e-03 -2.888590368219e-03 -7.861207140656e-05 -3.394042224522e-06
-8.417310735779e-02 6.570616889000e-03 6.633151534258e-02 -8.467786790568e-05 -3.239372630821e-07
1.246201460357e-01 6.516495929477e-03 3.149493148419e-02 -6.266566757381e-05 -9.618966600259e-06
-2.118324438940e-02 6.399512768216e-03 -8.785831506140e-02 -8.765054787835e-05 -2.995284873519e-05
-5.109648408714e-02 6.317898780369e-03 -2.825698987287e-02 -1.101568113465e-04 -4.526010117352e-05
-7.769722413513e-02 6.200595662772e-03 5.156694972481e-02 -1.378322055625e-04 -5.991132028421e-05
5.203741536248e-02 6.080402217509e-03 1.414550812785e-01 -1.919421390203e-04 -6.522806185803e-05
2.052129384218e-01 5.832457922794e-03 1.803941362587e-02 -2.628891106785e-04 -7.205665135512e-05
8.811624261422e-02 5.513076630726e-03 -1.185532301880e-01 -3.143377045429e-04 -7.097589465841e-05
-3.189352195412e-02 5.234546668315e-03 -2.724812977604e-02 -3.656103369658e-04 -4.772992653159e-05
3.361998306215e-02 4.795219875960e-03 6.573732102553e-03 -4.393680969109e-04 -2.768942057855e-05
-1.874605774901e-02 4.484768901904e-03 -3.517372703263e-02 -4.381691971538e-04 2.019474478695e-05
-3.672747100311e-02 3.950164439235e-03 1.267674048807e-02 -4.136239543528e-04 4.638882449899e-05
6.607423227128e-03 3.512096082319e-03 4.565350486069e-02 -3.750816444966e-04 8.262482775333e-05
5.457953871826e-02 3.208764782144e-03 4.715317621101e-04 -2.899249695539e-04 1.251371934705e-04
7.550486751349e-03 2.838810940293e-03 -3.415198071262e-02 -1.669584382638e-04 1.406172399578e-04
-1.372442270698e-02 2.801624283562e-03 -2.636340418378e-02 -3.964452590215e-05 1.700756419357e-04
-4.517632161622e-02 2.672234362561e-03 -6.668374035758e-02 1.031620245629e-04 1.564170885983e-04
-1.470919034221e-01 2.868167859043e-03 5.525441159763e-02 2.624520159402e-04 1.470849745666e-04
6.533250157905e-02 3.173118193041e-03 1.078867558600e-01 3.981133931043e-04 1.159942656813e-04
6.868160829776e-02 3.557691055739e-03 -1.173640343607e-01 5.301647269724e-04 6.313771483992e-05
-1.693955671424e-01 4.052163231148e-03 -6.957703741121e-02 5.840864997150e-04 -2.624443755053e-07
-7.047246652465e-02 4.641625320930e-03 4.793716938770e-02 5.513239950835e-04 -6.455825272854e-05
-7.352122836696e-02 5.133269293608e-03 7.286520789335e-02 4.308726133948e-04 -1.394020277011e-04
7.525794926205e-02 5.527053933741e-03 1.017808428790e-01 2.311710139317e-04 -2.096775242750e-04
1.300404573910e-01 5.702135983184e-03 9.296152143915e-04 -1.480716195961e-05 -2.750222714661e-04
7.711717969083e-02 5.549582816127e-03 -1.326676716347e-02 -3.198533227159e-04 -3.345104394453e-04
1.035069230641e-01 5.109956208247e-03 -7.169788785993e-02 -6.803352152417e-04 -3.706606944751e-04
-6.627859602902e-02 4.158429198908e-03 -1.947674096703e-02 -1.058992308635e-03 -4.014795370728e-04
6.455344113001e-02 2.905223769681e-03 7.503527004843e-02 -1.463606716297e-03 -3.960674177314e-04
8.379194406784e-02 1.331286499333e-03 6.450751074183e-03 -1.830569025975e-03 -3.563780610399e-04
7.745494327837e-02 -7.836257618046e-04 -5.645574818672e-02 -2.223187475883e-03 -3.131553975729e-04
-2.911955230561e-02 -3.237192232112e-03 -2.381884276758e-02 -2.518188540534e-03 -2.505351497385e-04
2.981725774322e-02 -6.029285884133e-03 6.419499709035e-02 -2.728783206092e-03 -1.820250266906e-04
9.927044187508e-02 -8.808566503205e-03 -8.941195703950e-02 -2.829580302078e-03 -8.143857604986e-05
-1.490066563358e-01 -1.168291282847e-02 3.391988309650e-02 -2.875363122764e-03 2.013415074596e-05
1.671102080681e-01 -1.456294543732e-02 1.463114463528e-03 -2.807571006717e-03 1.148911984115e-04
-1.460804274087e-01 -1.732622165009e-02 -1.465945687265e-01 -2.662898340904e-03 1.995882952131e-04
-1.260789293849e-01 -1.972054048178e-02 6.218904996191e-02 -2.380242358017e-03 2.881870442347e-04
-2.170232748490e-02 -2.205203871907e-02 -3.252535618092e-02 -2.099097475395e-03 3.307592185957e-04
-1.911296417467e-01 -2.397930851284e-02 4.721009209825e-03 -1.736521717087e-03 3.605011315039e-04
-1.226030906525e-02 -2.555793872784e-02 -2.975848305381e-02 -1.376627843960e-03 3.664649944078e-04
-2.506466078543e-01 -2.669587285211e-02 2.259723278080e-02 -9.981692296956e-04 3.603323158617e-04
3.293415649636e-02 -2.741096982984e-02 1.136747279474e-01 -6.247383928304e-04 3.438638790273e-04
-2.329715195959e-02 -2.788154368787e-02 -2.311743928977e-04 -3.438321025832e-04 3.036870917328e-04
3.247180771056e-02 -2.815159801791e-02 6.269130800161e-03 -7.243214248762e-05 2.449701589951e-04
-1.075889035926e-02 -2.807356264517e-02 -8.769687299189e-03 1.779887190579e-04 1.962181716604e-04
1.493243311218e-02 -2.774983779984e-02 -2.699853486825e-02 3.244959746560e-04 1.565999692234e-04
-6.475596009576e-02 -2.739245150643e-02 -1.399535809997e-02 4.267535640696e-04 1.110767314301e-04
-1.305828308776e-02 -2.683027044099e-02 6.266219549015e-02 5.311195912528e-04 8.778506199115e-05
6.056843088455e-02 -2.630750576095e-02 1.360301381143e-02 6.107449872962e-04 6.176570769989e-05
1.414774453511e-02 -2.573560907532e-02 -7.408354877708e-03 6.786353640496e-04 4.608028553508e-05
4.575172112913e-02 -2.507892307419e-02 -4.024176537456e-02 7.306664648572e-04 4.476576254400e-05
-6.633578621402e-02 -2.437345242715e-02 -2.380635489066e-02 7.912771437092e-04 5.068289631723e-05
-1.860988652191e-03 -2.351247030969e-02 9.407856757571e-02 8.471376423501e-04 7.227385430165e-05
1.218213489374e-01 -2.264104094536e-02 -1.333878309862e-01 9.397855291074e-04 8.625217572319e-05
-2.686366506246e-01 -2.171576488685e-02 -1.227012695458e-01 1.034247812764e-03 9.234420662251e-05
-1.235811901542e-01 -2.069219952833e-02 5.273135516607e-02 1.130612468681e-03 9.195661492090e-05
-1.631739402925e-01 -1.943126421851e-02 1.152258463810e-01 1.244602508254e-03 9.922240731991e-05
1.068705026078e-01 -1.821001292395e-02 5.048690949776e-02 1.321601409986e-03 8.015856019732e-05
-6.220012129697e-02 -1.686685901018e-02 -7.129524009086e-02 1.413066460441e-03 5.626425787013e-05
-3.571997757391e-02 -1.537619960160e-02 -1.992069013867e-03 1.434880116406e-03 3.496916477303e-05
-6.618425932470e-02 -1.392666635221e-02 1.517450973834e-01 1.498648560704e-03 -1.173145145746e-06
2.677702171928e-01 -1.239417466506e-02 -6.342677562326e-02 1.455326429488e-03 -3.007085677617e-05
-1.930378105712e-01 -1.091968799023e-02 -1.144895803219e-01 1.387553420111e-03 -6.049006021191e-05
3.879105654894e-02 -9.603596379273e-03 7.591379799814e-02 1.291391886438e-03 -9.753701231843e-05
-4.121021457494e-02 -8.265164205887e-03 2.909272478441e-02 1.163804889860e-03 -1.128524090980e-04
9.697650611776e-02 -7.192474431071e-03 1.054164703062e-01 1.025561587282e-03 -1.365697020340e-04
1.696227260375e-01 -6.116272839015e-03 -1.103239184424e-01 8.581955014271e-04 -1.328785131035e-04
-1.236713307670e-01 -5.308339161076e-03 -1.277072532175e-01 7.379161608441e-04 -1.342880540989e-04
-8.579178039754e-02 -4.677203301359e-03 1.201346261794e-01 5.859402194992e-04 -1.308632438502e-04
1.165979215919e-01 -4.062637839023e-03 3.641996579428e-02 5.035316269358e-04 -1.061730810342e-04
-1.295184880899e-02 -3.586939795396e-03 -1.184533154980e-01 4.136712580590e-04 -7.984523912059e-05
-1.203087094041e-01 -3.158182014546e-03 6.164963825827e-02 3.698087812438e-04 -4.612863809259e-05
1.103474277076e-01 -2.752733467718e-03 4.086466704419e-02 3.410273786347e-04 -8.356213148165e-06
-3.857937531571e-02 -2.401930877115e-03 -7.394260614128e-02 3.478382208268e-04 2.358264960461e-05
-3.753778457500e-02 -1.997663241782e-03 3.490857590899e-03 4.166771108397e-04 5.644495430255e-05
-3.159766013391e-02 -1.465449944563e-03 8.325700765324e-03 5.207889892249e-04 9.341047606709e-05
-2.088638304435e-02 -8.901626914193e-04 3.193810702655e-02 6.411401855290e-04 1.195485651239e-04
3.227855391920e-02 -1.673551552305e-04 1.912909609474e-02 7.607374462107e-04 1.441571532270e-04
1.737180914514e-02 6.743024428792e-04 -4.347978529296e-02 9.149787332140e-04 1.608759250285e-04
-5.468101666672e-02 1.594660647162e-03 -3.655508660641e-02 1.087033323479e-03 1.624493158150e-04
-5.573836406768e-02 2.906891453952e-03 9.638440509506e-02 1.231503977353e-03 1.858983827745e-04
1.380877935234e-01 4.252167224202e-03 -2.895891980351e-02 1.390956228254e-03 1.870142430838e-04
-1.136562036747e-01 5.840988341358e-03 -4.900509880406e-02 1.567549647945e-03 1.904973388903e-04
4.007759591529e-02 7.428288995543e-03 5.572163905216e-02 1.753494358441e-03 1.664429204013e-04
-2.212925570379e-03 9.230298833271e-03 4.062106635113e-02 1.882025878535e-03 1.426594323220e-04
1.213197286176e-01 1.114215368483e-02 -1.189894495471e-02 1.987593079262e-03 1.091590791570e-04
-2.601081547980e-02 1.320524680846e-02 -6.658638374860e-02 2.069898194977e-03 7.403150938562e-05
-1.185303887964e-02 1.525035827645e-02 -2.777966511835e-02 2.174303604043e-03 2.023290594198e-05
-8.157014571650e-02 1.749118558081e-02 3.424454829802e-02 2.141638555346e-03 -2.009687140166e-05
5.663605771639e-02 1.951872715143e-02 7.548878748236e-03 2.069777557168e-03 -8.833478049454e-05
-6.647238822003e-02 2.158516017941e-02 -1.403166946418e-03 1.957320098773e-03 -1.456358247496e-04
5.382972382356e-02 2.342262789605e-02 6.074183165901e-02 1.792570975020e-03 -2.149694290355e-04
5.501127509799e-02 2.504770749538e-02 -7.305727294292e-02 1.574319878642e-03 -2.838290685862e-04
-9.228482206229e-02 2.657719285723e-02 7.002246362194e-02 1.266978573538e-03 -3.268472643523e-04
1.950562023419e-01 2.777833456111e-02 6.258038252090e-02 9.303147252209e-04 -3.620400196835e-04
3.287594297951e-02 2.844882001359e-02 -4.502171656378e-02 5.553588809307e-04 -4.053875299262e-04
1.050127692143e-01 2.872679681940e-02 1.132063288508e-02 1.102109877015e-04 -4.322673272250e-04
5.551720874966e-02 2.863264832955e-02 -4.881986281058e-02 -3.535709522055e-04 -4.346803019851e-04
7.373043593134e-03 2.807808569933e-02 3.051321877695e-02 -7.488783088047e-04 -4.224099934289e-04
1.165436463036e-01 2.714296348795e-02 7.865466650334e-02 -1.159819165998e-03 -3.877690634959e-04
1.646823765998e-01 2.582207088611e-02 -3.935176467356e-02 -1.525635629900e-03 -3.360568348724e-04
3.784011695644e-02 2.410611007353e-02 -8.846090148298e-02 -1.851435922442e-03 -2.765992444740e-04
-1.223942636615e-02 2.219736399476e-02 -1.397844439126e-02 -2.073328802796e-03 -1.962097933498e-04
9.883228173914e-03 2.017854719281e-02 -2.401631012736e-02 -2.170590602672e-03 -9.941817563867e-05
-6.027204662086e-02 1.797619185100e-02 3.591678489644e-02 -2.219807398030e-03 -1.028537448671e-05
8.171679796680e-02 1.582310873085e-02 6.949308729666e-03 -2.180126503120e-03 8.435499078374e-05
-4.637342916153e-02 1.370360730988e-02 1.781347705235e-03 -2.067442008400e-03 1.675071752567e-04
8.527949337727e-02 1.153998236701e-02 -8.441172273892e-03 -1.895002930417e-03 2.163827496059e-04
-6.325577370931e-02 9.858603938351e-03 -9.379017351845e-02 -1.645976261654e-03 2.833938539580e-04
-1.023008536596e-01 8.298539298521e-03 -1.534485146126e-02 -1.353225777476e-03 3.156119048139e-04
-9.394547663184e-02 7.054631530947e-03 5.358791415272e-02 -1.045000522588e-03 3.310413925883e-04
4.874974645806e-03 6.061348134505e-03 8.872941411206e-02 -7.199143928686e-04 3.194084015565e-04
8.351335159228e-02 5.537804469174e-03 -9.066082958008e-03 -4.002134761209e-04 3.079800692009e-04
-1.325719127021e-02 5.241202172865e-03 -1.171832470357e-01 -1.264350835496e-04 2.712403357234e-04
-1.508531424790e-01 5.303122918550e-03 4.042068414992e-02 1.218710400863e-04 2.315357065795e-04
6.758417702962e-02 5.512728411498e-03 7.499746737925e-02 3.338367933624e-04 1.713280392185e-04
-8.582077205386e-04 5.868831827870e-03 -2.147393921617e-02 4.363998473201e-04 1.011553086713e-04
2.463629859728e-02 6.290963490933e-03 5.760394732882e-02 4.974044577360e-04 2.308602537630e-05
1.143496869371e-01 6.753891872624e-03 5.736371186627e-02 4.866635117106e-04 -5.405795948463e-05
1.393637223298e-01 7.254332542687e-03 -8.477899183525e-02 3.909754586696e-04 -1.181733093790e-04
-5.520829673338e-02 7.523637570243e-03 -1.406702961452e-01 2.737794100072e-04 -1.904657703948e-04
-1.419768699605e-01 7.635701811530e-03 -1.647308272665e-03 4.400661145444e-05 -2.508165143194e-04
-5.850291327871e-02 7.531886989763e-03 1.235438815610e-01 -2.063416214153e-04 -2.962995538466e-04
1.051108931615e-01 7.145365334771e-03 3.496901034100e-02 -5.123224301719e-04 -3.273545274704e-04
1.143510740330e-02 6.469777675168e-03 -4.175714144659e-02 -8.438559125176e-04 -3.389180747353e-04
2.159661026838e-02 5.420272162557e-03 -4.691977256827e-02 -1.163180894242e-03 -3.385887866230e-04
-8.240443773324e-02 4.108489566163e-03 4.699148087235e-02 -1.440388325694e-03 -3.135210075638e-04
1.155795720131e-01 2.421429650819e-03 1.831018963506e-01 -1.757405488120e-03 -2.800332807178e-04
2.837993549680e-01 5.392827391982e-04 -4.878947320973e-02 -2.010878655499e-03 -2.217645770155e-04
1.800062559362e-02 -1.577972988449e-03 -1.072995048458e-01 -2.198469846615e-03 -1.530178701889e-04
6.920034527635e-02 -3.938441094265e-03 -2.418462244590e-02 -2.364546415035e-03 -8.561484915590e-05
-3.036861929819e-02 -6.416645559842e-03 -1.672029190880e-01 -2.419102478261e-03 -1.706609905087e-05
-2.652054928996e-01 -8.802883855814e-03 6.543970845794e-02 -2.399532339477e-03 6.387157978667e-05
1.005107976177e-01 -1.124688080437e-02 8.730828990300e-02 -2.307858132418e-03 1.253242808095e-04
-9.058891309362e-02 -1.345402337077e-02 -1.005605631679e-01 -2.158022868341e-03 1.904093184741e-04
-1.006103287182e-01 -1.546037380203e-02 -2.046311537405e-02 -1.953095329919e-03 2.438586455305e-04
-1.315151438417e-01 -1.728198912290e-02 7.751663317179e-02 -1.716615622353e-03 2.754044249385e-04
5.442293762542e-02 -1.873815348424e-02 1.873504174496e-02 -1.389400209960e-03 3.008829493744e-04
-9.404506035180e-02 -1.997130633352e-02 8.567690555066e-04 -1.063136590845e-03 3.002060148988e-04
5.613647573643e-02 -2.092497720672e-02 4.902695902659e-02 -7.861571940107e-04 2.822746329709e-04
4.008857701367e-03 -2.157873733534e-02 -1.007318629848e-01 -5.592323695021e-04 2.549643724063e-04
-1.453272502332e-01 -2.210903837091e-02 -3.307729415584e-02 -3.386301333560e-04 2.039032716430e-04
-6.214573061031e-02 -2.229664913475e-02 5.998232172185e-02 -1.375411348098e-04 1.639038030426e-04
-2.536260678954e-02 -2.224919484566e-02 4.856360221234e-02 4.987400071792e-05 1.307010781873e-04
3.498147381436e-02 -2.218965881745e-02 3.207100035938e-02 1.742883770458e-04 8.631181103285e-05
3.877939392923e-02 -2.197095313872e-02 -5.969747101024e-02 2.851600821755e-04 5.676256728288e-05
-8.441346820611e-02 -2.161062052120e-02 3.217539234833e-03 3.358436166641e-04 4.631038701291e-05
4.521447239890e-02 -2.112722671654e-02 3.629019984386e-02 3.854876452011e-04 5.648789072636e-05
-1.183306851839e-02 -2.061613075778e-02 -1.718386788950e-02 4.637468052240e-04 7.563991653827e-05
1.084673661990e-02 -2.016261920354e-02 1.221710970300e-02 5.591899716133e-04 9.065323063835e-05
1.260115088760e-02 -1.952092242128e-02 6.797496672093e-02 6.799115027781e-04 1.264368438774e-04
1.467966700618e-01 -1.877829761465e-02 -8.391597498902e-02 8.292129741236e-04 1.653250796409e-04
-1.552307990904e-01 -1.784353235448e-02 -7.176749061743e-02 9.991228066234e-04 2.099681535939e-04
3.261688826900e-03 -1.670420250510e-02 7.481338604589e-02 1.270550764852e-03 2.518061499810e-04
-5.604026998657e-03 -1.540676976774e-02 -1.146955043745e-01 1.580306011144e-03 2.751017456881e-04
-2.261293199221e-01 -1.367378757054e-02 -4.754995624482e-02 1.879706240299e-03 3.059136887896e-04
-1.007039394883e-01 -1.169391165096e-02 1.236095341746e-01 2.193631201105e-03 3.155268173157e-04
2.108974842706e-02 -9.263437973407e-03 -3.322277533118e-03 2.530479769466e-03 3.244165789927e-04
-1.073484945545e-01 -6.482854797370e-03 -6.862168520767e-03 2.808682299733e-03 3.195412335387e-04
7.365411385529e-03 -3.544114721642e-03 6.320882841679e-02 3.129550493459e-03 2.792052264297e-04
1.906916227905e-02 -2.151883496847e-04 -3.270889391396e-02 3.384202437503e-03 2.361245004736e-04
-5.805237644238e-02 3.236370466552e-03 1.048127717210e-01 3.546987466577e-03 1.667791586150e-04
2.286947057211e-01 6.959908634762e-03 6.293208172002e-02 3.677247904867e-03 9.989409497837e-05
6.781178699766e-02 1.061185662532e-02 -1.554895382379e-01 3.726988628388e-03 5.935543146451e-06
-8.228437075476e-02 1.435743098670e-02 -9.050048281356e-02 3.673329189755e-03 -8.066916078661e-05
-1.131891786295e-01 1.800055263946e-02 -2.189514569244e-02 3.571161599521e-03 -1.692810455259e-04
-1.260746621396e-01 2.142602343837e-02 1.094656137463e-01 3.343336504140e-03 -2.592387249518e-04
1.057420488632e-01 2.465746229396e-02 1.754468744276e-01 3.016164759395e-03 -3.329379199417e-04
2.248190867155e-01 2.747015785335e-02 -5.930185005315e-02 2.621692895674e-03 -4.048717104468e-04
-1.286165124314e-02 2.989236116981e-02 -5.797604126319e-02 2.184539179521e-03 -4.611142843103e-04
1.088670041891e-01 3.183877970461e-02 3.418696556474e-02 1.710343679521e-03 -5.038113192812e-04
5.551227988634e-02 3.328945872592e-02 1.431548195458e-02 1.202023452687e-03 -5.294864630432e-04
1.374979680983e-01 3.434358015831e-02 4.258742064213e-02 6.872309323834e-04 -5.230847232080e-04
1.406871211706e-01 3.476777184877e-02 -8.031170020236e-02 1.793889566362e-04 -5.129858190357e-04
-2.312543230646e-02 3.469810978342e-02 -3.620646043493e-02 -3.230827931866e-04 -4.851073117162e-04
6.827420030075e-02 3.417426841337e-02 1.253327222671e-02 -7.729143890022e-04 -4.397461975061e-04
1.941112146955e-03 3.321602956631e-02 -4.783440251597e-02 -1.173484598179e-03 -3.821193466493e-04
-2.739460473120e-02 3.190112452020e-02 6.584931521468e-02 -1.469696832996e-03 -3.127172591058e-04
1.336397425763e-01 3.022346591127e-02 1.306321130409e-02 -1.809403655407e-03 -2.420849545082e-04
-1.268182123023e-03 2.836483855985e-02 -5.154577479586e-02 -1.991584111473e-03 -1.594851081052e-04
3.054819298460e-02 2.629389276232e-02 -2.807660684008e-02 -2.117666904991e-03 -8.186734824321e-05
-5.742139580318e-02 2.434964411282e-02 4.774715620457e-02 -2.149524318251e-03 1.940252645392e-05
1.260425053937e-01 2.223171500982e-02 2.116783802194e-02 -2.116532292645e-03 9.526191528453e-05
-1.508571975930e-02 2.021038287700e-02 -5.091736577445e-02 -1.968560241697e-03 1.662054639153e-04
2.420777384483e-02 1.825884084183e-02 3.965841101173e-02 -1.827879717342e-03 2.186474599982e-04
6.423110226415e-02 1.642088458566e-02 -8.481976581652e-02 -1.629319951240e-03 2.496675405900e-04
-1.454317577882e-01 1.493276162916e-02 2.181117286561e-02 -1.354760970635e-03 2.801041627708e-04
1.078534479954e-01 1.369755582142e-02 3.433594171555e-02 -1.089970429557e-03 2.929587455377e-04
-7.675987435711e-02 1.271233029221e-02 -5.776131819609e-02 -7.500733353553e-04 2.846224566424e-04
-7.669188396814e-03 1.208661740103e-02 8.169856119452e-02 -4.588232426539e-04 2.678986950037e-04
8.663724803194e-02 1.178526949020e-02 -3.857778529326e-02 -2.166707941483e-04 2.419526406693e-04
-8.482475898333e-02 1.163551761213e-02 -6.448384273347e-02 -4.381484771398e-05 1.918475782582e-04
-4.233043743501e-02 1.163251225435e-02 -2.491275881111e-03 6.770887268444e-05 1.256967961783e-04
-8.980731074555e-02 1.170131088301e-02 2.476489977807e-02 1.673543286175e-04 4.461470374106e-05
7.199362121134e-03 1.178108876517e-02 5.721275876690e-02 1.987337072183e-04 -4.665201563484e-05
2.461820678824e-02 1.196764615329e-02 7.145796735285e-03 1.182053796634e-04 -1.219103759298e-04
2.149095559170e-02 1.197932864142e-02 6.990228710022e-02 -2.377973103145e-05 -2.006668730935e-04
1.644227809887e-01 1.180615259114e-02 2.504452246126e-03 -2.563126613119e-04 -2.701406741081e-04
2.649986008396e-02 1.136124102885e-02 -8.302755866669e-02 -5.324894618333e-04 -3.282043087164e-04
-1.632336344686e-03 1.066708356296e-02 2.376790650475e-02 -8.380496973506e-04 -3.622452326884e-04
7.403567309346e-02 9.698850750578e-03 2.946822373660e-02 -1.194889173152e-03 -3.680208779760e-04
5.730411112851e-02 8.371785987640e-03 5.048464916234e-02 -1.522913688483e-03 -3.526561369742e-04
1.750049714181e-01 6.638728019980e-03 -1.426994504185e-01 -1.873469593100e-03 -3.225353472941e-04
-2.280947897085e-01 4.703671733789e-03 -3.074162294943e-02 -2.145079169870e-03 -2.577733869540e-04
1.135217255193e-01 2.387011837899e-03 1.001092417782e-01 -2.350236098472e-03 -1.897208911701e-04
-2.787630615215e-02 -4.800709603800e-05 5.383180031254e-02 -2.497252523240e-03 -9.868592570308e-05
2.211853261443e-01 -2.642150876015e-03 -1.218733484475e-02 -2.560568150944e-03 -4.543778413176e-06
-5.225097584165e-02 -5.169210578704e-03 -6.937012311654e-02 -2.521665308354e-03 1.028883943608e-04
8.244507991127e-02 -7.625114121544e-03 -8.289900808988e-02 -2.333850691072e-03 2.050320493152e-04
-2.180489920214e-01 -9.843081415722e-03 -1.582717344794e-01 -2.083877040987e-03 3.036271793993e-04
-2.340983890475e-01 -1.178533838722e-02 1.258596251792e-01 -1.738551602279e-03 3.864648810482e-04
3.367025833693e-02 -1.332158305781e-02 7.471664078202e-02 -1.300083741669e-03 4.539715210503e-04
-8.466510748345e-02 -1.435723405609e-02 2.299605656055e-02 -8.493051670262e-04 5.059590348649e-04
7.966237145803e-02 -1.496626551832e-02 5.061594098714e-02 -3.075496201279e-04 5.250002245139e-04
1.656677449083e-02 -1.498285369375e-02 -4.226128632719e-02 2.079500601922e-04 5.269722323153e-04
-4.860201196352e-03 -1.447622786253e-02 -9.166375112951e-02 7.351112899337e-04 5.040907539715e-04
-1.667607277682e-01 -1.350002897500e-02 -8.375363496694e-02 1.238563064118e-03 4.541390630701e-04
-1.723674711302e-01 -1.195547413066e-02 7.349834220449e-02 1.669934863735e-03 3.979618085978e-04
-1.976404335919e-02 -1.005973295477e-02 7.321441740866e-02 2.031173164016e-03 3.214755179160e-04
-2.593863631290e-02 -7.841676925854e-03 2.811296973037e-02 2.298293179030e-03 2.359243301499e-04
3.646189610155e-02 -5.451834479223e-03 1.979662176214e-02 2.484772042766e-03 1.393642100840e-04
1.365460721137e-02 -2.860193774353e-03 -3.449136464717e-02 2.602727565339e-03 5.183338519940e-05
-3.252083319279e-02 -2.397878882335e-04 -6.723833784757e-04 2.619759738640e-03 -3.162159922390e-05
1.230984045442e-02 2.237082044994e-03 7.334114138209e-02 2.554528497957e-03 -1.170747091709e-04
1.141614495714e-01 4.704523222810e-03 3.628021251289e-02 2.408461219505e-03 -1.757713099350e-04
8.487026548020e-02 7.003591862258e-03 1.450366573114e-02 2.205650192618e-03 -2.176685970907e-04
1.431687810337e-01 9.035364699140e-03 -7.805107222934e-02 1.972860153234e-03 -2.491522409277e-04
-7.123187897848e-02 1.081139492471e-02 4.749039441053e-03 1.708335767488e-03 -2.663736532888e-04
1.526668599158e-01 1.230834978608e-02 3.082760374992e-02 1.461873564074e-03 -2.729503285515e-04
-9.576671478635e-03 1.372493165234e-02 -8.113101915313e-02 1.165684287573e-03 -2.475487056819e-04
-9.595178390504e-03 1.477121157700e-02 -4.482269174105e-02 9.577016514882e-04 -2.307539079710e-04
-9.922205496074e-02 1.568312417382e-02 2.115039500771e-03 7.541963267563e-04 -2.008061506360e-04
-5.365099388963e-03 1.616164484541e-02 9.044021707046e-02 5.604195279621e-04 -1.995566218323e-04
8.165837918018e-02 1.661595999538e-02 -5.854836342987e-03 3.530532294273e-04 -1.817163553800e-04
-1.707477207494e-02 1.682021898215e-02 -5.601421358070e-02 1.780878137320e-04 -1.780637431825e-04
-3.037004798123e-02 1.700397003964e-02 2.787949562236e-02 -2.274554427240e-05 -1.623921826011e-04
3.868421916978e-02 1.703284723615e-02 -8.478233463705e-03 -2.025457686503e-04 -1.509163093913e-04
-4.732651490864e-02 1.670391785388e-02 1.774284820574e-03 -3.670709868496e-04 -1.671025192762e-04
4.223278881093e-02 1.638423362825e-02 2.302378221091e-02 -5.154188811095e-04 -1.638060874229e-04
-1.278950486817e-03 1.581964045810e-02 1.257505973216e-02 -6.498790285900e-04 -1.687770196990e-04
6.738290827524e-02 1.517113500728e-02 2.721653724353e-02 -7.839605642404e-04 -1.594359770665e-04
5.315412400024e-02 1.426075025223e-02 2.071197015464e-02 -9.575420969362e-04 -1.544496888147e-04
1.088068485845e-01 1.331039735773e-02 -3.860967712829e-03 -1.119248612774e-03 -1.255617180071e-04
4.543218857458e-02 1.218876148804e-02 -4.708094577134e-02 -1.258165779053e-03 -9.019936090441e-05
1.464495704184e-02 1.085141010441e-02 -3.013541676924e-02 -1.350488357303e-03 -5.776379996058e-05
-1.483864496390e-02 9.572361141702e-03 5.088443454834e-02 -1.359928515054e-03 -1.869567229564e-06
1.164138261385e-01 8.163639811780e-03 2.065421472225e-02 -1.345491393638e-03 4.613777685107e-05
2.646978448059e-02 6.978114065825e-03 -1.087491933764e-01 -1.221066300911e-03 1.185312046669e-04
-1.010845606143e-01 5.774961822865e-03 -2.141080609202e-02 -1.098787708618e-03 1.748122004521e-04
-1.635182770344e-02 4.806048122765e-03 3.674560820994e-02 -8.804231749515e-04 2.342172101106e-04
-2.759334419440e-02 3.955572831693e-03 -2.277157343257e-02 -6.245131933106e-04 2.714262315686e-04
-6.189497456859e-02 3.344273219919e-03 -3.218272384718e-02 -3.572480708018e-04 2.924710476984e-04
-9.195879188876e-02 3.045739511595e-03 1.815685275932e-02 -4.819066557453e-05 2.997418902058e-04
-2.558126904995e-02 3.145406272340e-03 5.057903249850e-02 2.330351473712e-04 3.001115060969e-04
9.199273108238e-03 3.407052183028e-03 5.371117688913e-02 5.228989937847e-04 2.648111706747e-04
8.184108472831e-02 4.189836272284e-03 4.757219047974e-02 8.146029359195e-04 2.399930856139e-04
1.043436540677e-01 5.077623397246e-03 -1.323753287223e-01 1.012613577671e-03 1.819970333706e-04
-1.829095727162e-01 6.263100805814e-03 -7.935140073382e-02 1.167736383764e-03 1.243202254488e-04
-5.435914739992e-02 7.501341256242e-03 6.369243296966e-02 1.259895216160e-03 4.912267484406e-05
-5.552470677691e-02 8.803076710460e-03 3.958419633197e-02 1.301770096627e-03 -2.878940792420e-05
2.480924526401e-02 1.012283328878e-02 7.182360140381e-02 1.245938458550e-03 -1.002924021803e-04
8.812249603071e-02 1.128860879728e-02 -4.698959540118e-02 1.095591619451e-03 -1.712736034522e-04
-6.916994553836e-02 1.218688685610e-02 5.137113983306e-02 8.678588683261e-04 -2.417284115739e-04
1.908647756968e-01 1.288801398993e-02 9.436037301356e-02 5.756222674038e-04 -2.913885533875e-04
1.195508004888e-01 1.333817669980e-02 -8.911165623861e-03 2.884349929886e-04 -3.186896750046e-04
1.730424444491e-01 1.340100806390e-02 -1.065554124036e-01 -5.978134675248e-05 -3.351118440940e-04
-9.356002431854e-02 1.318237960104e-02 -6.762401165258e-02 -3.711889021065e-04 -3.263257178632e-04
3.779442114395e-02 1.261680292773e-02 3.977207289003e-02 -6.832745246158e-04 -3.028459523023e-04
-1.401587853848e-02 1.175434366249e-02 -6.306360439385e-02 -9.486097796146e-04 -2.642599751087e-04
-8.833278764374e-02 1.071665817860e-02 8.542959561939e-02 -1.161132719923e-03 -2.047577893309e-04
1.568433127003e-01 9.455881189852e-03 3.590103578789e-03 -1.332761431516e-03 -1.409750421042e-04
-8.115258048616e-02 8.039076812003e-03 4.577133398215e-02 -1.453087432684e-03 -7.661536507368e-05
2.483859806646e-01 6.490368614582e-03 -1.925212991419e-02 -1.490434965580e-03 -2.122347711749e-05
-1.196568403145e-01 4.998695209809e-03 -8.903569083813e-02 -1.475085780610e-03 3.638235812327e-05
7.031459898835e-02 3.562243181191e-03 9.596666606616e-03 -1.436734600619e-03 8.640958268100e-05
-1.004635071013e-01 2.139443929444e-03 -1.269020190611e-01 -1.349502726214e-03 1.162885070559e-04
-1.834894391338e-01 8.219486414169e-04 1.415913439030e-02 -1.240737940317e-03 1.321666038667e-04
-7.214523832071e-02 -3.807278215655e-04 6.435658187995e-02 -1.132590723335e-03 1.335451719824e-04
-5.477627537394e-02 -1.351569898106e-03 -2.245531975766e-02 -9.933512408076e-04 1.351857554119e-04
-1.170558778360e-01 -2.330976298693e-03 1.492045045969e-01 -8.919968650068e-04 1.110085506969e-04
2.436327338198e-01 -3.145214355849e-03 1.906205185713e-02 -7.819825070720e-04 8.714354763380e-05
-7.893177412177e-02 -3.901308259743e-03 -6.910278703910e-02 -6.916732032258e-04 5.634024991615e-05
1.054271597416e-01 -4.539619475243e-03 5.730854756870e-02 -6.101176970792e-04 3.198736511345e-05
3.568532101563e-02 -5.063044915012e-03 4.401999726641e-03 -6.118151795644e-04 2.022697125311e-05
1.142311591949e-01 -5.598367607184e-03 1.877928565310e-02 -5.907197589771e-04 1.066422459570e-05
7.324389232184e-02 -6.145163598943e-03 -8.463895919199e-02 -5.859252610732e-04 6.142212644542e-06
-5.504675918911e-02 -6.738673110789e-03 -1.182857685290e-01 -5.778681847300e-04 4.049677990868e-06
-1.633276447361e-01 -7.072853771865e-03 -2.413322485119e-02 -4.598878562652e-04 3.964371298105e-05
-1.033132088915e-01 -7.237442680644e-03 1.207108580053e-01 -3.287456841671e-04 9.773522366975e-05
7.809407127448e-02 -7.273426952230e-03 -8.760669474301e-03 -7.349065001637e-05 1.665565427266e-04
-1.208345478401e-01 -7.099928876584e-03 -8.080024033537e-03 2.116034003244e-04 2.468643952784e-04
6.193402320741e-02 -6.547559724949e-03 4.585113901993e-02 6.176718306965e-04 3.481743298591e-04
-2.913226980024e-02 -5.300950518886e-03 -2.552259890320e-02 1.145656624153e-03 4.940476283628e-04
1.088882540100e-02 -3.626218735551e-03 6.232933058642e-02 1.799907942028e-03 6.349237651239e-04
9.552639137260e-02 -1.270070441164e-03 -7.742936745527e-03 2.570702504826e-03 7.823373509352e-04
-4.597048090056e-03 2.053577418250e-03 -7.611364513107e-02 3.515616180446e-03 9.492690332238e-04
-5.670089888954e-02 6.254591621040e-03 -2.127875489173e-02 4.641042602914e-03 1.100389238284e-03
-4.715455787351e-02 1.175757374966e-02 3.694001176225e-02 5.889098491621e-03 1.262286511626e-03
1.717912463497e-02 1.849169469503e-02 -2.445393348657e-04 7.348576401573e-03 1.400281211047e-03
-4.764363654325e-02 2.690481787566e-02 -4.751071540588e-02 8.894817250808e-03 1.543159672235e-03
-7.784230617679e-02 3.677705473056e-02 -1.378025829864e-02 1.056717807876e-02 1.640918852492e-03
-7.520415314053e-02 4.849572732730e-02 -1.000483118612e-02 1.232137876509e-02 1.719706375430e-03
-9.785196854903e-02 6.196582188451e-02 9.595137140726e-02 1.409844080340e-02 1.752265108432e-03
1.166985896740e-01 7.722212839664e-02 -7.683755555629e-03 1.591327629655e-02 1.732756842885e-03
-1.132194796603e-01 9.425133823222e-02 -3.027638451987e-02 1.767840657884e-02 1.656922172854e-03
5.614582063426e-02 1.129791290263e-01 7.283693175017e-02 1.931581258269e-02 1.522788063762e-03
3.245438384007e-02 1.331586011140e-01 3.602956877136e-02 2.084838472323e-02 1.316360648999e-03
1.282049581770e-01 1.549544637106e-01 -9.804060628377e-03 2.213208584276e-02 1.083579488615e-03
1.284626258331e-02 1.778454342963e-01 -1.761645197372e-02 2.318616449443e-02 7.966255392639e-04
9.297205422953e-02 2.015787463890e-01 1.234467862729e-02 2.389411797188e-02 4.687735154165e-04
3.753561983789e-02 2.258172444668e-01 -4.741000551627e-02 2.426919656097e-02 1.106073013330e-04
-1.847956803011e-03 2.503101456555e-01 2.375010835743e-01 2.428979197546e-02 -2.524004128599e-04
5.125377869864e-01 2.746652205467e-01 2.315871218596e-01 2.392128846560e-02 -6.090730719777e-04
4.613262869162e-01 2.985859273514e-01 3.238174071326e-02 2.321305099673e-02 -9.371208543394e-04
5.773012684129e-01 3.216299935565e-01 -4.521601708472e-02 2.220397678316e-02 -1.235803166191e-03
3.708942527468e-01 3.434191892020e-01 -3.683424857368e-02 2.092958430625e-02 -1.502331527506e-03
5.036327712656e-01 3.638007259455e-01 1.941971331671e-01 1.935881402127e-02 -1.713130128142e-03
7.592885190810e-01 3.826178510597e-01 8.723125336616e-03 1.769186745561e-02 -1.855669377291e-03
5.210790219388e-01 3.996660884237e-01 -1.795668727796e-01 1.587649783919e-02 -1.934593082143e-03
4.001547735218e-01 4.148871745832e-01 2.820549822887e-02 1.403146748324e-02 -1.947393143534e-03
5.774900183965e-01 4.281087146074e-01 3.132590132995e-02 1.217100750871e-02 -1.916550724401e-03
4.628065761817e-01 4.395456239518e-01 -4.502613513866e-02 1.035965298500e-02 -1.827002666316e-03
4.874377481192e-01 4.493214083605e-01 3.616813253004e-02 8.680798629172e-03 -1.684135017492e-03
5.351428412417e-01 4.574726816143e-01 3.947122613496e-02 7.156431199317e-03 -1.511156982124e-03
5.663802003891e-01 4.642152834642e-01 -6.347610975406e-02 5.843024917106e-03 -1.314533283875e-03
4.081906217336e-01 4.698114760499e-01 -1.570309662054e-02 4.739433227644e-03 -1.098020932670e-03
5.349740071481e-01 4.742714945084e-01 1.453107732675e-03 3.795033815181e-03 -8.956222552725e-04
4.110968371990e-01 4.780168853929e-01 -2.218568568701e-02 3.095199573109e-03 -6.906077481359e-04
4.906026357740e-01 4.811160694618e-01 2.381281334618e-02 2.570061121630e-03 -5.068001712786e-04
4.587224638913e-01 4.836855999025e-01 -5.561642199975e-02 2.242199620954e-03 -3.579299794748e-04
3.793697917745e-01 4.860263708745e-01 -1.689118333193e-02 1.999016458796e-03 -2.297585725155e-04
4.249400972275e-01 4.882554569917e-01 9.450426207188e-02 1.940250103777e-03 -1.257184392191e-04
5.683783159183e-01 4.904969502210e-01 7.535781219804e-02 1.974779905702e-03 -4.421121942036e-05
5.756557216236e-01 4.927715665172e-01 -7.882265266589e-02 2.091172538331e-03 9.245721488465e-06
4.107330105865e-01 4.951253907965e-01 -8.712934659425e-02 2.198151682584e-03 3.720419622276e-05
4.013970284351e-01 4.975928399350e-01 3.834436660366e-02 2.343101577014e-03 4.438646706790e-05
4.874217437939e-01 5.001504716848e-01 2.031640164097e-02 2.452671275660e-03 3.115013689018e-05
4.420298317170e-01 5.028402055396e-01 4.346640447164e-02 2.542629392465e-03 8.182954725140e-06
5.743545527371e-01 5.054449691631e-01 7.860274948758e-02 2.685594466257e-03 -4.546902505284e-05
5.992353306922e-01 5.083120665752e-01 -2.175549887224e-02 2.813595467995e-03 -8.198290247832e-05
5.308435549927e-01 5.111006498836e-01 -1.115295634215e-01 2.870833311827e-03 -1.357090339932e-04
3.761762038492e-01 5.139734838463e-01 8.205580167910e-02 2.839092269970e-03 -1.794766585366e-04
6.949551583509e-01 5.167796658582e-01 8.850032021208e-02 2.794703282207e-03 -2.256572371668e-04
5.531768442734e-01 5.194092444371e-01 -4.119483818578e-02 2.735192396428e-03 -2.831991351601e-04
6.125654819793e-01 5.220385623444e-01 -8.986962110593e-02 2.587183232689e-03 -3.255772326449e-04
3.734376020616e-01 5.245836928207e-01 -1.061073854668e-01 2.394598960388e-03 -3.578313848151e-04
4.003507110457e-01 5.268802455144e-01 8.739406509658e-02 2.203132620045e-03 -3.961428904362e-04
5.482257322547e-01 5.290564923488e-01 5.565409328125e-02 1.975881528360e-03 -4.211032619647e-04
5.116588976082e-01 5.308409751252e-01 2.766304296466e-02 1.676959548786e-03 -4.604658877894e-04
6.035518181840e-01 5.324018453103e-01 8.561800907283e-02 1.385861374415e-03 -4.888089926338e-04
6.828949157539e-01 5.336051851159e-01 -1.036092261707e-01 1.058493245080e-03 -5.176110150767e-04
3.963333658427e-01 5.345772974053e-01 -2.017093189072e-02 7.020828792317e-04 -5.264093280371e-04
6.425530519724e-01 5.350320479281e-01 7.165399784376e-02 3.184547194717e-04 -5.453707391160e-04
5.396413615302e-01 5.351991431582e-01 -6.412031313450e-02 -7.597404930251e-05 -5.430466085088e-04
5.143124257034e-01 5.349412671983e-01 -6.539071942301e-02 -4.534299387770e-04 -5.343870166784e-04
4.088599226842e-01 5.342622268755e-01 7.410786681474e-02 -8.426749132966e-04 -5.188032486024e-04
6.625281593329e-01 5.332858345465e-01 1.405953667627e-01 -1.203018239989e-03 -4.831528097149e-04
6.900506562097e-01 5.319847241170e-01 1.111605056164e-02 -1.504441670127e-03 -4.357408427560e-04
6.847602604562e-01 5.303030304545e-01 -9.945409402982e-02 -1.751937822805e-03 -3.906534548948e-04
4.911424681501e-01 5.284600057503e-01 -7.265791117773e-02 -1.925734675952e-03 -3.304745198730e-04
5.394444381008e-01 5.265141259713e-01 -4.741757927135e-02 -2.066222386836e-03 -2.585031109628e-04
3.963073096074e-01 5.244464976377e-01 -5.560936001205e-02 -2.143145384180e-03 -1.882740958797e-04
4.282257180767e-01 5.222884462514e-01 4.248584371751e-02 -2.145539905054e-03 -1.279207347531e-04
4.812789970424e-01 5.201907157466e-01 1.459771209173e-01 -2.090944066317e-03 -7.035566510408e-05
7.201799599112e-01 5.181423431091e-01 -1.769784809460e-02 -1.959341464591e-03 -2.695686236525e-05
4.458833008532e-01 5.161721788378e-01 -1.585590909455e-01 -1.808827556544e-03 -1.961205362728e-06
4.030617780201e-01 5.144038711395e-01 1.240626418000e-02 -1.643545604503e-03 1.494215927361e-05
4.706958292132e-01 5.129013106971e-01 1.961874174439e-02 -1.476374472243e-03 2.924043047865e-05
4.422992615089e-01 5.114320785272e-01 -1.483889286814e-02 -1.265525934319e-03 1.230046011942e-05
4.410180434769e-01 5.101970315980e-01 3.722186603915e-02 -1.102563043697e-03 -9.001345726982e-06
5.167429935872e-01 5.091504666195e-01 6.201024192390e-02 -9.360212000618e-04 -3.544696787045e-05
5.650385273247e-01 5.084379743247e-01 6.876272403755e-02 -7.976222585792e-04 -4.398833538905e-05
6.542684416623e-01 5.076944990621e-01 -8.993361450944e-02 -7.204857092288e-04 -7.228082700007e-05
3.851712983058e-01 5.070123631578e-01 -2.892339807514e-02 -6.330225066907e-04 -1.028567848992e-04
5.964216455120e-01 5.065372872369e-01 6.658635057689e-02 -5.356149722985e-04 -1.132250182671e-04
5.183439994596e-01 5.060109652848e-01 8.885366680933e-03 -4.709934728720e-04 -1.304769771387e-04
6.141923788739e-01 5.054856203269e-01 -5.625390549142e-02 -4.177606150612e-04 -1.449900494599e-04
4.058361884768e-01 5.050697337245e-01 -4.947937122921e-02 -4.294673924255e-04 -1.412847566503e-04
5.152336364155e-01 5.045516718349e-01 5.091646380508e-02 -4.019996679401e-04 -1.449158562282e-04
5.076691160869e-01 5.041002594589e-01 -6.182786892944e-02 -3.883756861010e-04 -1.371875611805e-04
3.915778985566e-01 5.036634879585e-01 -8.259317336599e-03 -3.734290998735e-04 -1.266975805404e-04
4.911504814137e-01 5.033328892699e-01 8.065287947979e-02 -3.454300493067e-04 -1.058203371016e-04
5.528836575162e-01 5.029199289575e-01 -1.763445234772e-02 -2.720373318651e-04 -1.018831935348e-04
4.558815767183e-01 5.025876061727e-01 1.232581747749e-02 -1.860009948988e-04 -9.935574167572e-05
5.775352924712e-01 5.024192197386e-01 4.086433556034e-02 -7.278196494068e-05 -9.172385104322e-05
5.376102478390e-01 5.023178642982e-01 -3.954353141528e-02 -2.391514387633e-05 -9.265781582792e-05
4.984482296406e-01 5.022983024461e-01 -3.490294009740e-02 4.422334032373e-05 -1.010623526278e-04
4.678043676442e-01 5.023522658807e-01 4.141164471926e-04 6.432619085571e-05 -1.173693564922e-04
4.992764625350e-01 5.024193609384e-01 3.110024670897e-02 7.154906548996e-05 -1.461527252716e-04
5.300048610621e-01 5.025509117051e-01 -4.500071328271e-02 8.533544805125e-05 -1.774011535847e-04
4.092750359696e-01 5.025757881217e-01 -4.561742764466e-02 9.253254380582e-05 -2.265118789366e-04
4.387700057728e-01 5.027240210829e-01 4.970292799631e-02 2.695103682333e-05 -2.578040215784e-04
5.086808919622e-01 5.027027844990e-01 1.535794303108e-02 -1.128514824742e-04 -2.973984647372e-04
4.694858918349e-01 5.024542192296e-01 -3.743597848595e-02 -2.976100674941e-04 -3.428917675055e-04
4.338089349903e-01 5.019652139767e-01 3.820340350601e-02 -5.452073257609e-04 -3.866012871156e-04
5.458926988470e-01 5.012074109848e-01 1.435174218779e-01 -8.337794014138e-04 -4.234657868127e-04
7.208437787461e-01 5.002056040466e-01 -5.782558382578e-02 -1.112130377244e-03 -4.444573990578e-04
4.302415311954e-01 4.989628871129e-01 -9.527986089258e-02 -1.374917874699e-03 -4.461364251417e-04
5.302840569609e-01 4.973645458277e-01 1.632583735248e-01 -1.640671942720e-03 -4.417345222039e-04
7.567582782450e-01 4.956734727923e-01 8.978112421007e-03 -1.906449763364e-03 -4.012012304623e-04
5.482402818029e-01 4.936089477966e-01 -1.298572426704e-01 -2.114873803673e-03 -3.640120952638e-04
4.970437929042e-01 4.914479292233e-01 -6.686602192044e-02 -2.268579797450e-03 -3.049591580624e-04
4.145082379620e-01 4.890335271754e-01 -4.329721711495e-02 -2.379812811450e-03 -2.529044778786e-04
4.104493586743e-01 4.866690376635e-01 -2.808090664285e-04 -2.445295012333e-03 -1.817153123696e-04
4.139466198292e-01 4.842559601996e-01 -1.025283395563e-02 -2.417307352671e-03 -1.150459360261e-04
3.899436907631e-01 4.819528356348e-01 3.202873601018e-02 -2.308227959137e-03 -4.547717920248e-05
4.780040918495e-01 4.797417202625e-01 1.880908661737e-02 -2.181198593180e-03 1.503961020864e-05
4.275618639978e-01 4.776644055032e-01 -1.054927871376e-02 -1.979138699639e-03 6.334491444280e-05
4.569055344220e-01 4.758001031080e-01 8.522607450135e-02 -1.720316179897e-03 1.019849017649e-04
5.980140130005e-01 4.742394228259e-01 -4.290711148239e-02 -1.443010929527e-03 1.372397931829e-04
3.710913114572e-01 4.729263134111e-01 -6.367836689794e-02 -1.117982566532e-03 1.589969281207e-04
4.706572792046e-01 4.719588079225e-01 1.071879212136e-02 -7.808798593967e-04 1.769116147248e-04
3.925288956999e-01 4.712529510435e-01 -2.488263175625e-02 -4.691736047951e-04 1.802275703987e-04
4.208920156921e-01 4.708796743327e-01 1.014814612155e-01 -1.592401815701e-04 1.776005330703e-04
5.954918181309e-01 4.709507692504e-01 7.257652093847e-02 2.015666124558e-04 1.816913504971e-04
5.660450575691e-01 4.713370420785e-01 2.230561906021e-02 5.557287859319e-04 1.758827870820e-04
6.401030562514e-01 4.721562636493e-01 -6.067551223454e-02 8.983276248661e-04 1.743993116321e-04
4.446940331000e-01 4.732461169107e-01 -1.379985825597e-01 1.218852505925e-03 1.579661516337e-04
3.641058911319e-01 4.745326986812e-01 -8.175874537526e-02 1.496482308305e-03 1.193485677131e-04
2.811765423495e-01 4.761248969214e-01 -4.226539607583e-02 1.736930996287e-03 7.511337501624e-05
2.795750989802e-01 4.780761882861e-01 8.317699739164e-02 1.969139070599e-03 3.608246249765e-05
4.475305371327e-01 4.801874269699e-01 1.434852908486e-01 2.170570036565e-03 -1.618039072380e-05
5.665456806775e-01 4.823348066022e-01 1.396487710138e-03 2.315371863834e-03 -8.856602162347e-05
4.503235125530e-01 4.847652984769e-01 6.410875526119e-03 2.371214902493e-03 -1.406811113196e-04
5.793674317297e-01 4.870312014857e-01 1.565031345307e-02 2.332055261907e-03 -2.149846070091e-04
4.816241394591e-01 4.892265209661e-01 9.782725575223e-03 2.282204610813e-03 -2.886795850467e-04
5.989328828802e-01 4.913157504115e-01 -3.080774487281e-02 2.099232890404e-03 -3.542115900767e-04
4.200086497135e-01 4.933259958260e-01 -3.548386752687e-02 1.888835564237e-03 -3.972654828026e-04
5.279651478264e-01 4.951129002303e-01 7.450705194836e-02 1.621219659027e-03 -4.272125525240e-04
5.690227536102e-01 4.966687019786e-01 6.385482047853e-02 1.346302791255e-03 -4.393864881930e-04
6.556747887835e-01 4.979316248641e-01 -4.502540925036e-02 1.062175261171e-03 -4.388613895307e-04
4.789719351095e-01 4.989365206483e-01 -7.448201879104e-02 7.874689636794e-04 -4.218082155369e-04
5.067107512014e-01 4.996098738335e-01 2.411572378584e-02 5.357803029824e-04 -4.003848293337e-04
5.272033826812e-01 5.000276261292e-01 1.633981026425e-03 2.912518007054e-04 -3.704943848364e-04
5.099787132543e-01 5.002542105675e-01 -9.663162987187e-03 1.008993294651e-04 -3.312631244255e-04
5.078770567068e-01 5.002416600094e-01 -4.935660138421e-03 -3.475228584327e-05 -2.968836756238e-04
5.001073929774e-01 5.002347395973e-01 -9.580420214561e-02 -1.519046302845e-04 -2.456864485865e-04
3.162686524156e-01 5.000690061083e-01 -8.319430196716e-02 -2.161551137417e-04 -2.053141291357e-04
3.337187890431e-01 4.998146320364e-01 1.483519229221e-01 -2.789313200022e-04 -1.737323082691e-04
6.129724982597e-01 4.996059884960e-01 1.062193367282e-01 -2.727804507781e-04 -1.400355554143e-04
5.461574624995e-01 4.993412035044e-01 2.263717307951e-03 -2.164562520367e-04 -1.213842116246e-04
6.174999328756e-01 4.991668480466e-01 -1.988877823032e-02 -1.419583515228e-04 -1.028765471093e-04
5.063799060389e-01 4.989802155193e-01 -1.384297245466e-01 -6.462873788201e-05 -9.823091049969e-05
3.406404837825e-01 4.990592643114e-01 -5.032881234843e-02 2.995441000389e-05 -7.441376001988e-05
4.057222813420e-01 4.991796182246e-01 1.540116357363e-01 1.024214579866e-04 -5.891350708162e-05
6.486637552550e-01 4.993522387415e-01 1.119541157546e-01 1.560688559163e-04 -5.011030502788e-05
6.296305128512e-01 4.996208644032e-01 -7.882819105646e-02 2.290363118373e-04 -4.291474234485e-05
4.910073731421e-01 4.998053381890e-01 -6.008370204867e-03 2.948179957233e-04 -5.946023649876e-05
6.176137724414e-01 4.999836970742e-01 -8.431377633407e-02 3.508462839249e-04 -8.974321190900e-05
3.223798204739e-01 5.004859826474e-01 -6.381155819097e-02 4.441568994978e-04 -9.355583842423e-05
4.899906560595e-01 5.009245975109e-01 -8.012841501296e-03 5.120378948158e-04 -1.174699421763e-04
3.063541374714e-01 5.015115789375e-01 1.779643864186e-02 5.611900968216e-04 -1.340125805973e-04
5.255835333432e-01 5.020000038595e-01 8.729804218539e-02 5.738829182396e-04 -1.704043588332e-04
4.809502218421e-01 5.025397330411e-01 2.274706752116e-02 5.201288321200e-04 -2.039782490629e-04
5.710776683855e-01 5.030260745690e-01 3.290751202917e-02 4.653021284798e-04 -2.423690433681e-04
5.467652459005e-01 5.034035350362e-01 1.588808141082e-03 3.697858050181e-04 -2.866113979383e-04
5.742552846677e-01 5.036598713822e-01 -1.909498443553e-02 2.522170046997e-04 -3.313711400849e-04
5.085752770294e-01 5.039081418489e-01 -6.573451899650e-02 9.128590626239e-05 -3.557924995077e-04
4.427862466747e-01 5.038286401280e-01 1.236643274878e-02 -1.392917074937e-04 -3.910760314196e-04
5.333081425270e-01 5.034877254802e-01 2.926787939281e-02 -4.018816757592e-04 -4.220997041394e-04
5.013220054603e-01 5.030472513438e-01 2.142907189589e-02 -6.324458172805e-04 -4.245315874279e-04
5.761662863188e-01 5.022688243716e-01 9.164526253494e-03 -8.976942343287e-04 -4.242554503978e-04
5.196510579673e-01 5.012368694535e-01 -9.656478563259e-02 -1.154802927654e-03 -4.095683233104e-04
3.830367150536e-01 4.999611292940e-01 2.979921389653e-02 -1.438881563295e-03 -3.800513121367e-04
5.792494857604e-01 4.985053723320e-01 8.518086699848e-02 -1.652706544040e-03 -3.318940972434e-04
5.533984490505e-01 4.967365653688e-01 6.271910318497e-04 -1.782370387828e-03 -2.888598878208e-04
5.805038678241e-01 4.948271759958e-01 -5.044957516810e-02 -1.893769619298e-03 -2.386471695227e-04
4.524992987143e-01 4.929087085932e-01 4.332941067771e-02 -1.905632548473e-03 -1.756121394340e-04
6.671626891795e-01 4.909781255286e-01 1.851264306214e-02 -1.893853711349e-03 -1.115961913934e-04
4.895245848386e-01 4.891639072559e-01 -1.431159727684e-01 -1.838155674041e-03 -4.208716667672e-05
3.809307436427e-01 4.873948466138e-01 -1.827436691218e-02 -1.715391075425e-03 1.301520984405e-05
4.529758510143e-01 4.857785712559e-01 -5.584113553130e-02 -1.475814007013e-03 5.574153760990e-05
2.692484725801e-01 4.842717332389e-01 -1.094350770901e-01 -1.256720185139e-03 7.293376346514e-05
2.341056968341e-01 4.831088789397e-01 2.086674402181e-01 -1.022839647638e-03 8.885583775425e-05
6.865833530163e-01 4.822039330993e-01 1.257322131736e-01 -7.400594875506e-04 9.023983854475e-05
4.855701231813e-01 4.815660530273e-01 -4.708360049439e-02 -5.471473850196e-04 7.926537227658e-05
5.924161520275e-01 4.811471010679e-01 -3.620645387990e-02 -3.164536138621e-04 5.372110684221e-05
4.131572154215e-01 4.810305910473e-01 -9.759740221334e-02 -1.352746471627e-04 2.883620375618e-05
3.972213476009e-01 4.810569238747e-01 4.657624752670e-02 6.721300277553e-05 -7.987083726060e-06
5.063097104749e-01 4.811344220577e-01 3.640252368075e-02 1.728697349366e-04 -5.945373485769e-05
4.700263949624e-01 4.813151882059e-01 8.646310700680e-03 2.591494354784e-04 -1.097825291082e-04
5.236023318763e-01 4.815538770235e-01 8.869320949721e-02 2.892025252111e-04 -1.558529671356e-04
6.474128139568e-01 4.817655167526e-01 -7.453224077923e-02 2.709977102628e-04 -1.997792656636e-04
3.745378503178e-01 4.820416350807e-01 -1.425577491402e-01 2.319557307227e-04 -2.240282870806e-04
3.622973156764e-01 4.822643838783e-01 1.542072908259e-01 1.544448314602e-04 -2.382755567010e-04
6.829524319697e-01 4.823347205095e-01 5.771005154990e-02 6.682341581652e-05 -2.517338996917e-04
4.777174187762e-01 4.824036389564e-01 -9.649171895198e-02 -5.484980798301e-06 -2.456129688805e-04
4.899689940658e-01 4.823799679725e-01 -5.407996428894e-02 -5.529060388251e-05 -2.325988471867e-04
3.695574901983e-01 4.822266234982e-01 2.822799664986e-02 -1.340186107115e-04 -2.195610935395e-04
5.464249873655e-01 4.821571467684e-01 6.779350735027e-02 -1.786890300599e-04 -1.841967035445e-04
5.051445048988e-01 4.819465267957e-01 -7.604334893410e-02 -1.742680577206e-04 -1.593511611353e-04
3.943382894973e-01 4.816566380787e-01 4.090310905261e-02 -1.851630701583e-04 -1.426046022215e-04
5.869507230041e-01 4.813988799446e-01 2.718617788150e-02 -1.607142217833e-04 -1.251349160027e-04
4.487106452603e-01 4.813259817866e-01 -5.803999345862e-02 -1.004876412387e-04 -9.359463638888e-05
4.708707360868e-01 4.811767986081e-01 -7.575075257313e-03 -7.046314712270e-06 -8.437922389185e-05
4.335604947456e-01 4.811822925056e-01 6.955025115886e-02 6.590568390459e-05 -7.248589933720e-05
6.099712384045e-01 4.813135213533e-01 -5.929763379802e-02 1.345461051841e-04 -6.294011097066e-05
3.149652271496e-01 4.815535155372e-01 -8.407306974625e-02 2.407081042602e-04 -5.911665852224e-05
4.418250989120e-01 4.818410768994e-01 1.248842767463e-01 2.763042171813e-04 -6.763510590847e-05
5.647337806423e-01 4.822751554288e-01 -5.428777175810e-02 3.301061151722e-04 -7.420914526294e-05
3.332495553958e-01 4.824995879679e-01 -2.525388009111e-02 4.029616739953e-04 -1.197695173286e-04
5.142260204601e-01 4.828669888198e-01 1.078579513570e-01 4.078606279843e-04 -1.567583256156e-04
5.489654581098e-01 4.833336126069e-01 7.046143957785e-02 4.434320366621e-04 -1.852310066972e-04
6.551488996158e-01 4.837458451032e-01 -8.696998607218e-02 3.762202977670e-04 -2.179057060437e-04
3.750254859654e-01 4.841177939891e-01 -8.663586583637e-02 2.871075530609e-04 -2.462884397557e-04
4.818771679430e-01 4.842828513112e-01 4.139608736885e-02 1.627607926482e-04 -2.847590354508e-04
4.578176607031e-01 4.843590307209e-01 -3.536716217223e-02 1.127270932340e-05 -3.132994616916e-04
4.111428435986e-01 4.843220261051e-01 5.095604593202e-02 -1.329055801496e-04 -3.304360274218e-04
5.597297525672e-01 4.840451600385e-01 4.789129643097e-02 -2.877354976460e-04 -3.483566793795e-04
5.069254364605e-01 4.836430129903e-01 -6.004627742057e-02 -5.157837454398e-04 -3.499854483313e-04
4.396371977260e-01 4.830485854385e-01 4.102802461146e-02 -7.331762184828e-04 -3.419043521663e-04
5.889814856834e-01 4.821141497815e-01 7.708830881385e-02 -8.983448080073e-04 -3.434599173210e-04
5.938138153537e-01 4.812237400078e-01 -9.979933659433e-02 -1.040889159912e-03 -3.108546131386e-04
3.893828124948e-01 4.802580883043e-01 -3.813928004785e-03 -1.124903451083e-03 -2.630655094565e-04
5.861859593442e-01 4.790561670864e-01 5.867130626435e-02 -1.252422122882e-03 -2.245703608711e-04
5.067254250235e-01 4.777707399946e-01 -1.393943486338e-01 -1.284034670659e-03 -1.830107271755e-04
3.073972620765e-01 4.765557469169e-01 -5.737403535671e-02 -1.254091382354e-03 -1.279478734072e-04
3.919773543101e-01 4.753179006678e-01 1.407747629987e-01 -1.226306825431e-03 -7.807418178300e-05
5.889467880739e-01 4.741553873500e-01 3.056787684621e-02 -1.089613764964e-03 -2.961688835722e-05
4.531131080025e-01 4.731708153047e-01 -7.565550554900e-02 -9.355679769400e-04 2.161108590079e-05
4.376357769759e-01 4.723712834539e-01 -1.337579249415e-04 -7.241226730510e-04 6.919481227358e-05
4.528455921526e-01 4.716746690053e-01 6.724568553288e-02 -5.248889089444e-04 9.693410336655e-05
5.721271480417e-01 4.712693343576e-01 -5.974718298256e-02 -2.268211769289e-04 1.218243613078e-04
3.333512261875e-01 4.712273062053e-01 -2.164247686903e-02 3.257679422073e-05 1.480003994898e-04
5.288421943036e-01 4.714760276938e-01 1.163515700237e-02 3.536163069747e-04 1.634379296849e-04
3.566215401922e-01 4.720638369278e-01 -6.810542654902e-02 7.231225834322e-04 1.706029547214e-04
3.926313412056e-01 4.730383687035e-01 1.615478965771e-01 1.039377013302e-03 1.745443705708e-04
6.797173333464e-01 4.741503039152e-01 9.901779724768e-03 1.338775320566e-03 1.464185686459e-04
4.124349006551e-01 4.755968515490e-01 -9.837219674682e-02 1.632113089545e-03 1.124359437015e-04
4.829729398527e-01 4.772729242075e-01 -2.439833694886e-02 1.899366327733e-03 6.371209411051e-05
3.636382267574e-01 4.793102052900e-01 -2.141989425362e-02 2.081239788912e-03 2.244047380652e-05
4.401331513455e-01 4.814276491663e-01 1.052911750200e-01 2.217344769113e-03 -3.782539519126e-05
5.742205767973e-01 4.837201334310e-01 2.670118937917e-02 2.308156598521e-03 -9.727035509541e-05
4.935355301039e-01 4.860640339696e-01 -1.004336378636e-01 2.321623732995e-03 -1.611681110031e-04
3.733533010700e-01 4.883104143331e-01 -3.087464853091e-02 2.281810318237e-03 -2.370179845058e-04
4.317862330420e-01 4.906072203919e-01 2.045830572360e-02 2.198476550244e-03 -2.963983687463e-04
4.142699125172e-01 4.928180519944e-01 1.156058038354e-01 2.050096308223e-03 -3.455714760696e-04
6.629978407129e-01 4.947307571636e-01 1.749330461561e-01 1.851839407240e-03 -4.006386339849e-04
7.641360048294e-01 4.964044087293e-01 -1.580824310081e-01 1.600023252783e-03 -4.458725549213e-04
3.468329786968e-01 4.979683565396e-01 -1.243841886523e-01 1.312403016610e-03 -4.587536150354e-04
5.153676275248e-01 4.990537207380e-01 1.454889071353e-01 1.004999188293e-03 -4.796467447144e-04
6.378107929675e-01 4.998605128412e-01 -5.315125872929e-02 6.755021315001e-04 -4.819340222003e-04
4.090651100662e-01 5.004418321824e-01 -2.600927143368e-02 3.331338777539e-04 -4.589832882492e-04
5.857922501001e-01 5.006266042625e-01 5.633599659817e-02 1.745382795928e-05 -4.341672361823e-04
5.217371032626e-01 5.005241788202e-01 -1.869647588110e-02 -2.103484792796e-04 -3.999702084331e-04
5.483992983379e-01 5.002414236967e-01 -1.230113459881e-01 -4.246338024011e-04 -3.505372820039e-04
2.757144112864e-01 4.997558643930e-01 -2.016930196847e-04 -5.955076212599e-04 -2.964389998865e-04
5.479959122985e-01 4.992387674629e-01 8.439290434961e-02 -6.663905919728e-04 -2.269286777105e-04
4.445002199856e-01 4.984780791254e-01 1.127018245133e-02 -7.082634998800e-04 -1.780212000228e-04
5.705362772012e-01 4.978146168070e-01 1.166983007574e-01 -7.255611873061e-04 -1.174386078354e-04
6.778968215004e-01 4.971223717580e-01 -1.279013860204e-02 -6.475442885627e-04 -6.998734328573e-05
5.449559999971e-01 4.965077743897e-01 -1.717155449833e-01 -5.800710063744e-04 -3.083391755539e-05
3.344657315337e-01 4.960239079736e-01 -4.518182146101e-02 -4.536590771114e-04 2.400192609539e-07
4.545923570751e-01 4.956091371871e-01 5.435487937811e-02 -2.498392941344e-04 9.914834257718e-06
4.431754902900e-01 4.954540203097e-01 9.447141820423e-03 -9.389402578138e-05 1.873318900212e-05
4.734866407159e-01 4.954528572045e-01 -2.234461370660e-02 8.192731344630e-05 1.377865520921e-05
3.984862628768e-01 4.956455003054e-01 2.018257762078e-02 2.230825329291e-04 1.294401641193e-06
5.138517959575e-01 4.959981951286e-01 3.310748162463e-02 3.764230982247e-04 -1.971574405338e-05
4.647012261260e-01 4.964587649023e-01 -4.678649921415e-02 5.295042707109e-04 -5.163614659545e-05
4.202787975292e-01 4.970803156214e-01 7.958522554889e-02 6.364009870945e-04 -8.230456942706e-05
6.238716772238e-01 4.978739485203e-01 1.029049676436e-01 7.085851977033e-04 -1.038033376410e-04
6.260887328164e-01 4.986412936414e-01 -6.590473441715e-02 7.441295895418e-04 -1.338116041853e-04
4.920622083895e-01 4.994344556093e-01 -7.952000215669e-02 7.481088441716e-04 -1.599054674825e-04
4.670487285030e-01 5.000871671230e-01 6.926885252066e-02 7.482425877513e-04 -1.971154804990e-04
6.305999134308e-01 5.007870152581e-01 -2.532912152022e-02 7.658165125070e-04 -2.190645837992e-04
4.163904854626e-01 5.015598102578e-01 -9.998674131757e-02 6.778967024593e-04 -2.189774504285e-04
4.306264307957e-01 5.022616709091e-01 3.473945531693e-02 6.439770426438e-04 -2.128322539485e-04
4.858693960964e-01 5.027977931371e-01 -6.265390876748e-03 6.050392640000e-04 -2.134068023523e-04
4.180956490422e-01 5.034608165033e-01 4.800500872247e-02 5.665807766003e-04 -1.869621203159e-04
5.818794135414e-01 5.040194680043e-01 6.145018994230e-02 5.762843542514e-04 -1.654099439748e-04
5.409960289268e-01 5.045570817488e-01 -3.930211848836e-02 5.776652130760e-04 -1.433040319731e-04
5.032751765646e-01 5.051426528530e-01 9.122180662469e-02 6.212721352212e-04 -1.174048238015e-04
7.234396421762e-01 5.058675999377e-01 -4.391622457335e-02 6.463637447424e-04 -8.196446774907e-05
4.154427274180e-01 5.065303068165e-01 -1.288906606563e-01 7.397360399290e-04 -6.702750869323e-05
4.656583208636e-01 5.072782222782e-01 5.473820147534e-02 8.118629812673e-04 -5.941858145747e-05
5.249191303686e-01 5.081477584003e-01 -5.171886572247e-02 9.374138260683e-04 -5.804904717384e-05
3.622205894187e-01 5.090103474096e-01 -2.589935547907e-02 1.042012497508e-03 -8.036657232770e-05
4.731204194105e-01 5.101269621451e-01 8.839737517315e-02 1.141496560354e-03 -9.399873792012e-05
5.390153397650e-01 5.113029093629e-01 -1.057158217046e-02 1.154336149076e-03 -1.192714246202e-04
4.519772550696e-01 5.125552373099e-01 -2.303861484257e-02 1.195798041446e-03 -1.495426326367e-04
4.929381100798e-01 5.137401523216e-01 3.949430031339e-05 1.167424804767e-03 -1.961647998407e-04
4.520562436702e-01 5.149054800581e-01 3.148073123620e-02 1.109417066753e-03 -2.449426175915e-04
5.558995725522e-01 5.159012632586e-01 6.667166829578e-02 9.503384327346e-04 -3.042129461908e-04
5.853995802618e-01 5.168129990512e-01 9.570320707945e-03 7.998594030282e-04 -3.538159640188e-04
5.750402139681e-01 5.175866288894e-01 2.892995598797e-02 6.028746433083e-04 -3.916201422639e-04
6.432594922377e-01 5.181056979698e-01 -2.810995522959e-02 3.466293408169e-04 -4.231307262083e-04
5.188203035089e-01 5.182842182421e-01 -6.376137518407e-02 9.419941696897e-05 -4.522494678226e-04
5.157367418695e-01 5.181826375077e-01 -3.936884123191e-02 -1.845533725312e-04 -4.673197266640e-04
4.400826210451e-01 5.178592430484e-01 5.747032386998e-02 -4.844986350907e-04 -4.588261912479e-04
6.306773896095e-01 5.171580702537e-01 1.098321257208e-02 -8.059748631736e-04 -4.457104419987e-04
4.620490461893e-01 5.161399649444e-01 -1.079931399245e-02 -1.066273423459e-03 -4.238657218837e-04
6.090787616246e-01 5.150065993484e-01 -1.211692564298e-02 -1.309338761704e-03 -3.746224561883e-04
4.378151949033e-01 5.136975095096e-01 -1.020102927086e-02 -1.480467964456e-03 -3.131966217805e-04
5.886767030829e-01 5.121733780756e-01 6.156994710610e-02 -1.598975846503e-03 -2.541115303938e-04
5.609550891155e-01 5.104951854115e-01 -7.589183700152e-02 -1.698779171501e-03 -1.995723451369e-04
4.368930290798e-01 5.087349845244e-01 -1.954857160337e-02 -1.704701616140e-03 -1.509952131966e-04
5.218579459088e-01 5.070718871324e-01 2.580144755866e-02 -1.646277134512e-03 -9.703053093760e-05
4.884959241972e-01 5.055253398392e-01 -1.983110983890e-02 -1.535053706160e-03 -4.447114530617e-05
4.821957262310e-01 5.039565097196e-01 -5.280853174917e-02 -1.372063490271e-03 -1.798618606374e-05
3.828788606988e-01 5.027911134317e-01 3.853190654556e-02 -1.187651940321e-03 2.815430733205e-05
5.592595393221e-01 5.017324142511e-01 1.657134641743e-03 -9.837133525552e-04 5.381646903338e-05
3.861931299823e-01 5.008852070799e-01 1.967453358197e-02 -7.443480181289e-04 6.895035552388e-05
5.986086064860e-01 5.003067682173e-01 3.449612897018e-03 -5.294785042011e-04 7.990527118724e-05
3.930923557763e-01 4.998943817534e-01 1.250126832502e-02 -2.973174245966e-04 7.513495741157e-05
6.236111431361e-01 4.997121873003e-01 2.437955308998e-02 -5.482151362549e-05 6.391430550765e-05
4.418514619563e-01 4.998502788068e-01 -4.923804988841e-02 1.813972326160e-04 5.957405854762e-05
5.251350433593e-01 5.001409126211e-01 -6.582664488559e-02 3.944782221945e-04 4.472971178771e-05
3.101981721851e-01 5.006917367896e-01 3.110722511720e-02 6.007343338770e-04 3.530519401136e-05
5.873494935937e-01 5.014399236908e-01 1.553978231356e-01 8.244090703607e-04 2.556184124363e-05
6.209938184563e-01 5.022174751828e-01 -3.639561421094e-02 9.797109246919e-04 -2.574223572368e-06
5.145582651718e-01 5.032794674296e-01 -4.868079770559e-02 1.154792781820e-03 -1.623792257033e-05
5.236322230451e-01 5.044405827876e-01 -9.436560868010e-03 1.310314744506e-03 -3.716276200916e-05
4.956851434358e-01 5.058465873384e-01 -2.397155694675e-03 1.446934091741e-03 -4.672799263052e-05
5.188379116557e-01 5.074307013995e-01 -7.633207688219e-02 1.589091163839e-03 -5.267323136157e-05
3.430209896714e-01 5.090915108253e-01 -3.476031673628e-02 1.681909526347e-03 -6.642548193246e-05
4.493172781832e-01 5.107427998215e-01 1.028894415144e-01 1.776084554010e-03 -9.687630253101e-05
5.487998727001e-01 5.125637003399e-01 9.348403866086e-02 1.825121167395e-03 -1.199026814133e-04
6.362853555049e-01 5.143952648187e-01 -8.262938903161e-03 1.879022043923e-03 -1.516485983749e-04
5.322739948938e-01 5.162168886410e-01 -1.370993287104e-01 1.836697072214e-03 -1.898579745995e-04
3.620866980841e-01 5.180010857481e-01 -3.672092428325e-02 1.802793537107e-03 -2.322230843166e-04
4.588321463273e-01 5.197822877725e-01 1.085566599856e-01 1.737355134182e-03 -2.691642182328e-04
5.792000180553e-01 5.214944870116e-01 7.706541208000e-02 1.607417727674e-03 -3.020038688925e-04
6.129629704873e-01 5.229585667992e-01 -5.572946656931e-02 1.431505425417e-03 -3.455252218777e-04
4.677410849167e-01 5.243074700101e-01 3.501938785369e-02 1.233554809341e-03 -3.773573285207e-04
6.830017461947e-01 5.254789038315e-01 3.188878695870e-02 1.017371754118e-03 -3.998139186500e-04
5.315186588341e-01 5.263809979669e-01 -5.859288428056e-02 7.399934308982e-04 -4.191743772288e-04
5.658159776336e-01 5.270246278168e-01 -1.749701291806e-02 5.034937185761e-04 -4.310840392180e-04
4.965246329980e-01 5.274030151907e-01 -4.565592438340e-02 2.046452537097e-04 -4.344422834311e-04
4.745041288668e-01 5.274380605954e-01 1.325948544355e-02 -5.285070764364e-05 -4.379414523194e-04
5.230436038851e-01 5.272492826623e-01 7.291186069121e-02 -3.527413739298e-04 -4.276188156568e-04
6.203278502492e-01 5.267186209140e-01 -1.340472761541e-02 -5.948840940166e-04 -4.195230772735e-04
4.962341486542e-01 5.260103795869e-01 -2.484724082159e-02 -8.531205718686e-04 -3.966039649700e-04
5.706333686060e-01 5.250083733572e-01 6.918716669473e-02 -1.081214158794e-03 -3.761057482691e-04
6.346084820437e-01 5.239034104535e-01 -1.360598316828e-01 -1.304403511419e-03 -3.387976939492e-04
2.985137052404e-01 5.224263145103e-01 -3.701814711504e-02 -1.475400818055e-03 -3.217856379182e-04
5.605721878136e-01 5.207423418665e-01 8.962125671351e-02 -1.635812183805e-03 -3.093154652795e-04
4.777562186674e-01 5.191109194135e-01 9.185212818326e-03 -1.738746826266e-03 -2.741380389249e-04
5.789426134503e-01 5.173374663770e-01 9.317772882562e-02 -1.823895831931e-03 -2.443262695416e-04
6.641116763187e-01 5.154637306371e-01 -4.210581655138e-02 -1.897872914064e-03 -2.184789417713e-04
4.947309803475e-01 5.135726247940e-01 -1.074569629605e-01 -1.925127681854e-03 -1.902625312677e-04
4.491977503977e-01 5.117325899416e-01 4.441176746246e-03 -1.949084031928e-03 -1.547669159862e-04
5.036133338400e-01 5.097559612091e-01 5.375886363718e-02 -1.956935048454e-03 -1.374235662038e-04
5.567154776721e-01 5.078188292894e-01 -7.747613103253e-02 -1.908220169394e-03 -1.197509044345e-04
3.486610717749e-01 5.058163041590e-01 -2.821118121530e-02 -1.862397471374e-03 -1.166019824745e-04
5.002931152415e-01 5.039523788417e-01 1.152460974671e-01 -1.809549445700e-03 -1.043024778134e-04
5.791532667092e-01 5.022198797779e-01 1.022196623499e-02 -1.765223979081e-03 -8.464143782706e-05
5.207370477115e-01 5.004637513401e-01 -9.537638895243e-02 -1.704457025722e-03 -7.743068264937e-05
3.884004888043e-01 4.988376373973e-01 -6.082946629564e-04 -1.581436011835e-03 -6.584661270715e-05
5.195204583855e-01 4.972540269583e-01 9.676213969409e-02 -1.467694974188e-03 -6.194847628261e-05
5.819247681925e-01 4.957904798497e-01 -4.367312518408e-02 -1.387606177064e-03 -5.648924969745e-05
4.321742080174e-01 4.943488925240e-01 1.229314489529e-02 -1.267074471924e-03 -6.223443121693e-05
6.065110579831e-01 4.931506008474e-01 4.191359737483e-03 -1.148379441524e-03 -5.364549627663e-05
4.405569274923e-01 4.919178354322e-01 -5.047476266394e-02 -1.069034163466e-03 -6.459867866548e-05
5.055615326552e-01 4.908471592260e-01 -6.906900513135e-03 -9.902591748415e-04 -7.108367683554e-05
4.267431264661e-01 4.899660009168e-01 -4.494584059489e-03 -8.854673913157e-04 -7.014159933868e-05
4.965723645362e-01 4.891695290261e-01 2.753786057036e-02 -7.752821879178e-04 -7.458139834908e-05
4.818188476068e-01 4.883842661794e-01 -2.318045505477e-02 -6.787833115214e-04 -9.219670594122e-05
4.502114544267e-01 4.877125180450e-01 1.704162578612e-02 -6.250137837488e-04 -1.079812554141e-04
5.159020991790e-01 4.870664293140e-01 -2.842336665854e-02 -5.755896144761e-04 -1.294509230377e-04
3.933647211096e-01 4.863626232642e-01 -9.143166709608e-02 -5.653885468690e-04 -1.629541911823e-04
3.330387649869e-01 4.858626278471e-01 1.270749580452e-01 -6.046054543240e-04 -1.719382604025e-04
6.475146371999e-01 4.852697420910e-01 1.070041403717e-01 -6.001693275663e-04 -1.888190109750e-04
5.470470457302e-01 4.846693256755e-01 -8.801061459083e-02 -6.338906643022e-04 -2.000529041000e-04
4.714934080183e-01 4.840108325588e-01 1.161629307648e-02 -6.559380878144e-04 -2.086602923804e-04
5.702796318832e-01 4.832610355885e-01 4.887478348733e-02 -6.832610106402e-04 -2.168731204765e-04
5.692429749929e-01 4.825839475024e-01 -8.555516046937e-02 -7.233559902287e-04 -2.038110686796e-04
3.991693109444e-01 4.818530346262e-01 -1.370645714953e-02 -7.666350525205e-04 -1.853364553700e-04
5.418300606939e-01 4.810448635066e-01 -1.369181909692e-02 -7.897386693856e-04 -1.665788058901e-04
3.717856727506e-01 4.802946423612e-01 -3.522708307967e-02 -7.518313024376e-04 -1.354452079844e-04
4.713758945345e-01 4.795973914902e-01 5.906858304877e-02 -7.364829907219e-04 -9.734583705656e-05
4.899228388481e-01 4.787844353673e-01 -2.966483768223e-02 -6.960871407968e-04 -7.768855268551e-05
4.120462191701e-01 4.780657410534e-01 6.476387153753e-02 -6.002780677426e-04 -5.702746689994e-05
6.194505819232e-01 4.775230909722e-01 3.405863211635e-02 -4.757495155338e-04 -3.132975664273e-05
4.801634834028e-01 4.771297690285e-01 -1.159313016917e-01 -3.590996303980e-04 -8.484125724206e-06
3.875879785399e-01 4.768896207871e-01 -2.831028111363e-02 -1.790193078768e-04 7.622151413705e-06
4.235429211755e-01 4.767519025193e-01 8.344444629555e-02 5.665942071926e-07 7.566702967823e-06
5.544768711310e-01 4.768759300230e-01 -7.017830068952e-02 1.656697418128e-04 9.869790092526e-06
2.831863197965e-01 4.771235560235e-01 -7.598222112953e-02 3.610263825538e-04 -2.140833649882e-06
4.025124288719e-01 4.776669420305e-01 1.598687451548e-01 5.354161747021e-04 -6.150344596495e-06
6.029238101062e-01 4.783291087921e-01 9.818356251327e-02 7.021322904054e-04 -2.066899072263e-05
5.988795538985e-01 4.791224471391e-01 -5.880453449175e-02 8.217842463419e-04 -3.999132040261e-05
4.853147411227e-01 4.800390883866e-01 -7.525739030302e-02 9.446242490520e-04 -6.039329229066e-05
4.483647732924e-01 4.810671598948e-01 -1.114124473449e-02 1.043399846402e-03 -7.878666927096e-05
4.630322516537e-01 4.821783214149e-01 -6.079034620211e-02 1.114468321330e-03 -9.392454909556e-05
3.267840808882e-01 4.833128328396e-01 1.300953566098e-02 1.175766719999e-03 -1.092064272763e-04
4.890513229757e-01 4.845281789904e-01 1.260448450622e-01 1.201092441864e-03 -1.146427173039e-04
5.788737710127e-01 4.858099415576e-01 1.207773100246e-02 1.222390411550e-03 -1.103280188969e-04
5.132067849806e-01 4.869100858807e-01 -1.613314001344e-02 1.261351034813e-03 -1.266719891779e-04
5.466074909858e-01 4.880848845260e-01 -1.600838335766e-02 1.274525198997e-03 -1.335252831092e-04
4.811900182653e-01 4.892976469751e-01 4.941947636336e-03 1.270773325636e-03 -1.367371434667e-04
5.564913862584e-01 4.905051208576e-01 1.669932753139e-03 1.289077246200e-03 -1.442613707647e-04
4.845298837715e-01 4.917740051734e-01 -5.857537326285e-02 1.314569578161e-03 -1.510888676591e-04
4.393406397327e-01 4.931472495086e-01 6.228229688398e-02 1.314138602152e-03 -1.539944192990e-04
6.090944775395e-01 4.943807946095e-01 1.129424228958e-02 1.295573595214e-03 -1.831088884296e-04
4.619291243119e-01 4.956724825993e-01 -1.618587309358e-01 1.229482275471e-03 -2.127437771632e-04
2.853770156680e-01 4.968605374023e-01 -1.917083250947e-02 1.146586916074e-03 -2.586196685906e-04
4.235874592930e-01 4.978988498296e-01 1.148621130576e-01 1.002365203713e-03 -3.197335775164e-04
5.151012417832e-01 4.988738337806e-01 1.181673642431e-02 8.120186632782e-04 -3.761799154749e-04
4.472209321416e-01 4.995411616117e-01 3.642145550467e-02 5.877133594828e-04 -4.466450495784e-04
5.879441527925e-01 5.000865627081e-01 1.251376363609e-02 3.063465294186e-04 -4.962665296805e-04
4.722484594138e-01 5.003108662734e-01 -3.140857420161e-02 -5.062683520265e-05 -5.362156740391e-04
5.251270043893e-01 5.000720931694e-01 4.822010988108e-02 -4.626995662216e-04 -5.716279227774e-04
5.686886791759e-01 4.993453862226e-01 6.494556320554e-02 -8.877746016281e-04 -5.960130694642e-04
6.550181308004e-01 4.983628659118e-01 1.613293698125e-02 -1.335201573298e-03 -5.751092161642e-04
6.009545531384e-01 4.967705971831e-01 -8.047753345168e-02 -1.780679224937e-03 -5.499537911555e-04
4.940630638970e-01 4.947274184653e-01 -1.630703752413e-02 -2.142914387353e-03 -5.050416021796e-04
5.683404780902e-01 4.923551860519e-01 3.065528681827e-02 -2.446275609875e-03 -4.345108974345e-04
5.553736375336e-01 4.898270124136e-01 -2.405140807199e-02 -2.660239490350e-03 -3.308248882118e-04
5.202376619462e-01 4.871657103069e-01 -3.317074659668e-02 -2.763227996983e-03 -2.093694633517e-04
4.890321443402e-01 4.843944191162e-01 -3.351258302977e-02 -2.761367341244e-03 -8.846704070261e-05
4.532124958866e-01 4.817448960141e-01 1.589261568590e-03 -2.654526660631e-03 3.766775524776e-05
4.922106674774e-01 4.792929677542e-01 -6.464864986406e-02 -2.372165356136e-03 1.549886118307e-04
3.239151961585e-01 4.770857989805e-01 -7.854484565314e-02 -1.988307636157e-03 2.475632494585e-04
3.351209761711e-01 4.752863335472e-01 5.771571819289e-03 -1.546235601145e-03 3.180794685915e-04
3.354583397971e-01 4.738878481405e-01 3.494799293173e-02 -1.063585629298e-03 3.534940224630e-04
4.050169620346e-01 4.731055501549e-01 7.900618409390e-02 -5.348930189402e-04 3.725388520855e-04
4.934707079849e-01 4.728981356803e-01 6.339773331269e-02 3.383240437343e-05 3.675918524065e-04
5.318124286600e-01 4.731897716508e-01 -5.919905554842e-02 5.436560981633e-04 3.329154419519e-04
3.750725968881e-01 4.740070290966e-01 -4.983211026782e-02 1.008407862927e-03 2.805599314837e-04
4.321482081243e-01 4.752154282282e-01 4.384955898408e-02 1.442083111410e-03 2.059558444964e-04
4.627717148562e-01 4.768537661006e-01 -1.776895006870e-02 1.769673455957e-03 1.286092738009e-04
3.966103079869e-01 4.787829506150e-01 4.596991205050e-02 1.970736527542e-03 4.870442805392e-05
5.547115389572e-01 4.809624474013e-01 6.797850233365e-02 2.160304412935e-03 -2.318908348496e-05
5.325673126542e-01 4.831986287905e-01 6.927731428719e-02 2.271865863513e-03 -9.697532922848e-05
6.932661675316e-01 4.854517607609e-01 3.279348393312e-02 2.275954715359e-03 -1.644456889612e-04
5.981542805205e-01 4.876013380696e-01 -1.179770219029e-01 2.229032751999e-03 -2.298764406681e-04
4.573121237258e-01 4.898390243306e-01 -8.234409011624e-02 2.151237713889e-03 -2.633505942619e-04
4.334661002880e-01 4.920079785146e-01 6.073771424593e-02 2.069656667403e-03 -2.807176370904e-04
5.787875522177e-01 4.940521930598e-01 -5.192450409843e-02 1.976467925639e-03 -2.883367582811e-04
3.296170920911e-01 4.959196956467e-01 -7.572159256405e-02 1.875783124332e-03 -2.938065475863e-04
4.273443670896e-01 4.977750826795e-01 5.349315538511e-02 1.791856775575e-03 -2.800926669646e-04
4.366034028614e-01 4.995043524119e-01 6.712968709222e-02 1.678374903870e-03 -2.644698631747e-04
5.616037412740e-01 5.011882071484e-01 7.436448520011e-02 1.622846682485e-03 -2.414224440817e-04
5.853323732616e-01 5.027807558009e-01 -4.804980322549e-02 1.571125267549e-03 -2.210741439974e-04
4.655041348231e-01 5.042406625502e-01 -5.131066847580e-02 1.497403087058e-03 -2.113088638571e-04
4.827110363100e-01 5.057022366736e-01 9.229080594936e-02 1.448243763972e-03 -1.982092826567e-04
6.500857467218e-01 5.070891302472e-01 2.635989017352e-02 1.389070046245e-03 -1.928514521147e-04
5.354308166570e-01 5.084249939933e-01 -9.819216488431e-02 1.344990059728e-03 -1.933130859144e-04
4.537014169532e-01 5.098324821709e-01 -9.688393763372e-02 1.294159243530e-03 -1.851306812867e-04
3.416629413896e-01 5.112366822722e-01 3.469554949778e-02 1.267601178292e-03 -1.776582659388e-04
5.230925159487e-01 5.126030843199e-01 1.556988772121e-01 1.241673919901e-03 -1.752147150843e-04
6.530606958138e-01 5.138726413177e-01 -1.928571556483e-02 1.209696731856e-03 -1.843263426679e-04
4.845210848191e-01 5.150289811518e-01 -6.518530027358e-02 1.163608038406e-03 -2.056582813431e-04
5.226900952666e-01 5.161859105675e-01 3.619717899524e-02 1.125777416417e-03 -2.238121292044e-04
5.569154428095e-01 5.173872434964e-01 -9.743388209806e-04 1.059875602664e-03 -2.314473919687e-04
5.207414176247e-01 5.184746291360e-01 -7.661500431708e-02 9.853898699276e-04 -2.453262945898e-04
4.036854341754e-01 5.193898043117e-01 7.352315253931e-02 8.727045223407e-04 -2.694591696921e-04
6.677877227033e-01 5.201771650292e-01 7.147387209858e-02 7.164926107240e-04 -2.943266685691e-04
5.466331783725e-01 5.207718674281e-01 -1.401400886316e-01 5.689641643528e-04 -3.238918281493e-04
3.875075454402e-01 5.211187101288e-01 -1.018868839920e-01 3.562904048447e-04 -3.603454861902e-04
3.428594103886e-01 5.213234742664e-01 9.298736631223e-02 1.828774743172e-04 -3.867473329130e-04
5.734822780646e-01 5.214234787014e-01 1.556588812835e-01 -9.863776697900e-06 -3.956607004609e-04
6.541771729556e-01 5.213418868263e-01 2.080776679033e-02 -2.402338460530e-04 -3.934578489872e-04
6.150978116453e-01 5.209669890297e-01 -6.638034868002e-02 -4.949474647759e-04 -3.917727465832e-04
5.214164755956e-01 5.202936443552e-01 1.861253759401e-02 -7.225494161623e-04 -3.911804088023e-04
6.523228868333e-01 5.195145674444e-01 -1.881150950795e-02 -9.704815062114e-04 -3.693729961310e-04
4.837934565797e-01 5.184538845690e-01 -2.224819303970e-03 -1.184745895245e-03 -3.500272051292e-04
6.478732482254e-01 5.171783196976e-01 3.269193061353e-02 -1.379362206909e-03 -3.287708956447e-04
5.491773178068e-01 5.157200860259e-01 -1.469783916998e-01 -1.517517884436e-03 -3.062237082987e-04
3.539164648257e-01 5.140285873722e-01 -4.155808272027e-02 -1.663451534656e-03 -2.928331126454e-04
4.660611523662e-01 5.123103675936e-01 1.423568568713e-02 -1.788376670384e-03 -2.672018537153e-04
3.823878362000e-01 5.104442982885e-01 -2.221105677268e-02 -1.896701296278e-03 -2.477138614780e-04
4.216390388209e-01 5.083370049003e-01 7.094568852817e-02 -1.992904841281e-03 -2.484935206959e-04
5.242792132563e-01 5.063204873062e-01 9.689302398583e-02 -2.055304390982e-03 -2.313641415237e-04
6.154250867925e-01 5.042975133147e-01 3.220122261394e-02 -2.106302282934e-03 -2.097302838882e-04
5.886816584842e-01 5.022144373517e-01 -5.645315800007e-02 -2.173640732745e-03 -1.906764958386e-04
5.025187707924e-01 5.001054048808e-01 -8.389231473884e-02 -2.162540654263e-03 -1.712691367877e-04
4.208970290065e-01 4.978958074373e-01 2.677313735325e-02 -2.138677388190e-03 -1.620833420321e-04
5.560650454989e-01 4.957759876335e-01 9.906493426622e-02 -2.127185911530e-03 -1.405052604636e-04
6.190268975390e-01 4.936314982943e-01 9.954211373285e-03 -2.099393048038e-03 -1.215417284515e-04
5.759734682455e-01 4.915541416903e-01 -9.608933496405e-02 -2.031400328687e-03 -9.660016285442e-05
4.268482276109e-01 4.896103819404e-01 -1.002111185184e-01 -1.927258868450e-03 -6.125221341921e-05
3.755512312087e-01 4.877472371792e-01 6.836688848916e-03 -1.832310690378e-03 -2.573864676442e-05
4.405216053087e-01 4.858729145122e-01 -5.585632091721e-02 -1.674937166848e-03 -5.898044702608e-06
2.638385893743e-01 4.841932687637e-01 5.058525557711e-02 -1.520240113547e-03 1.827631559266e-05
5.416921164629e-01 4.828966653248e-01 1.815789054742e-01 -1.308109154191e-03 6.441886502657e-05
6.269964003227e-01 4.817732266470e-01 7.156599013982e-03 -1.085231412062e-03 1.013398462393e-04
5.560053144909e-01 4.807777354273e-01 -1.048696081831e-01 -8.063955269679e-04 1.181689585721e-04
4.172571839565e-01 4.800535947390e-01 -6.159687316647e-02 -4.968696850749e-04 1.274414149738e-04
4.328115681579e-01 4.796875566977e-01 3.449450020719e-02 -1.752843438295e-04 1.362180184681e-04
4.862461843709e-01 4.797100900015e-01 1.823647013341e-02 1.492761526681e-04 1.458525149071e-04
4.692845084248e-01 4.799892477481e-01 -1.547809557092e-02 4.893335048817e-04 1.388988134584e-04
4.552899932291e-01 4.805966655078e-01 3.721228074960e-02 7.706767990789e-04 1.247680915068e-04
5.437090699240e-01 4.815230995736e-01 -4.793959564328e-02 1.093476932688e-03 1.040591294410e-04
3.594108019425e-01 4.827391278370e-01 -2.798501464340e-02 1.358304899968e-03 7.621024742694e-05
4.877390406372e-01 4.842325913932e-01 3.687968253372e-02 1.548822553071e-03 4.559187930321e-05
4.331701670099e-01 4.858583096380e-01 -1.026411816566e-01 1.719665130413e-03 1.036450438259e-06
2.824566773241e-01 4.876625647731e-01 6.132298546076e-02 1.831718721427e-03 -4.460677520617e-05
5.558161379315e-01 4.895408309587e-01 1.530519655589e-01 1.901467945921e-03 -9.583622716695e-05
5.885606084419e-01 4.914250953975e-01 -4.094634902063e-02 1.933539215509e-03 -1.527407640264e-04
4.739234398902e-01 4.932796536215e-01 3.587500894522e-02 1.922345786742e-03 -2.115351781341e-04
6.603106263323e-01 4.951042555872e-01 2.372963470607e-02 1.850982934111e-03 -2.642971036111e-04
5.213827093023e-01 4.968637576829e-01 -7.103590762764e-02 1.717471955758e-03 -3.079260409993e-04
5.182388110771e-01 4.984987849464e-01 -3.284006264524e-02 1.531214071520e-03 -3.433881650311e-04
4.557025840119e-01 4.998804946764e-01 8.164736762583e-03 1.329905511426e-03 -3.816547499001e-04
5.345682846022e-01 5.010193785624e-01 7.607287745704e-02 1.101591519160e-03 -4.178288868987e-04
6.078483389259e-01 5.019286443214e-01 -4.327723737796e-02 8.337804282869e-04 -4.468911547039e-04
4.480138098463e-01 5.026112812206e-01 -1.046426631079e-01 5.182422244327e-04 -4.652316331193e-04
3.985630127102e-01 5.029884035884e-01 -4.119868560246e-02 1.780441525448e-04 -4.796250826671e-04
3.656164386414e-01 5.029943293940e-01 1.317702649205e-01 -1.669874946781e-04 -4.957684245078e-04
6.621035425512e-01 5.027128277007e-01 7.491218543652e-02 -5.512117710955e-04 -5.008199055664e-04
5.154408095144e-01 5.019422269792e-01 -9.889696285946e-02 -9.013156276501e-04 -5.169550973203e-04
4.643096168323e-01 5.007830755721e-01 -1.174665290180e-02 -1.252375357471e-03 -5.300900043440e-04
4.919475037108e-01 4.992939914885e-01 4.234347274537e-02 -1.621886695822e-03 -5.307759086509e-04
5.489965623230e-01 4.974877717613e-01 5.582848765563e-02 -2.006734010731e-03 -5.157840748693e-04
6.036044790221e-01 4.952998252186e-01 5.610601004413e-03 -2.370289790988e-03 -4.930301066037e-04
5.602177643318e-01 4.927415336344e-01 -8.677902077242e-02 -2.698999956685e-03 -4.632700610433e-04
4.300464374773e-01 4.898773940274e-01 3.549410074085e-02 -2.995149556472e-03 -4.225053994097e-04
6.312059658135e-01 4.867442327981e-01 4.578635206015e-02 -3.247777025831e-03 -3.719007813355e-04
5.216191415975e-01 4.833524275368e-01 -9.641496569592e-02 -3.433678872171e-03 -3.179119517871e-04
4.383760344217e-01 4.798709317610e-01 -8.324310717584e-02 -3.587649394158e-03 -2.489813892576e-04
